-3.301766191998457 1.9346143358439982
-3.2918635734354194 1.9346336391940238
-3.2951065362396887 1.9272147183342558
-3.291670539935165 1.9099253511614922
-3.2915933265350636 1.9000420359484798
-3.2915161131349615 1.8901587207354673
-3.2914582030848853 1.8827462343257078
-3.301351169972911 1.8814915165740558
-3.301418731698 1.8901394173854418
-3.301495945098101 1.9000227325984542
-3.3015731584982033 1.909906047811467
-3.2933464893356006 1.9523771048898593
-3.2934522449808368 1.9659138274801111
-3.2935580006260734 1.979450550070363
-3.291284472934657 1.8605087750964295
-3.2912072595345547 1.850625459883417
-3.2911300461344535 1.8407421446704044
-3.2910721360843773 1.833329658260645
-3.3009651029724023 1.8320749405089929
-3.3010326646974915 1.840722841320379
-3.301109878097593 1.8506061565333916
-3.3011870914976944 1.860489471746404
-3.3008010244971864 1.8110728956813413
-3.3007238110970847 1.8011895804683289
-3.300646597696983 1.7913062652553162
-3.300588687646907 1.7838937788455569
-3.290686069083869 1.7839130821955822
-3.290743979133945 1.7913255686053415
-3.2908211925340467 1.8012088838183542
-3.2908984059341484 1.8110921990313669
-3.29051233893364 1.761675622966304
-3.2904351255335387 1.7517923077532913
-3.2903579121334365 1.7419089925402789
-3.2903000020833604 1.7344965061305193
-3.300202620646399 1.734477202780494
-3.300260530696475 1.7418896891902533
-3.300337744096576 1.751773004403266
-3.3004149574966783 1.7616563196162787
-3.2989285995447215 1.7122418883678852
-3.290126271933132 1.712259046901241
-3.29004905853303 1.7023757316882286
-3.2899718451329285 1.692492416475216
-3.2899139350828523 1.6850799300654566
-3.299855160345941 1.6900022843219373
-3.2999323737460426 1.69988559953495
-3.289778811632674 1.6677841284426846
-3.289701598232573 1.6579008132296722
-3.289624384832471 1.6480174980166595
-3.2895471714323694 1.6381341828036469
-3.299469093345433 1.6405857082568747
-3.302731359499728 1.6356376162003599
-3.299546306745534 1.650469023469887
-3.2985425325442126 1.6628253123028225
-3.289392744632166 1.6183675523776218
-3.2893155312320643 1.608484237164609
-3.2892383178319626 1.5986009219515966
-3.289161104431861 1.5887176067385842
-3.2990830263449245 1.591169132191812
-3.299160239745026 1.6010524474048244
-3.2981564655437046 1.6134087362377596
-3.289006677631658 1.5689509763125589
-3.288929464231556 1.5590676610995464
-3.2888522508314546 1.549184345886534
-3.2887750374313525 1.5393010306735213
-3.298696959344416 1.5417525561267489
-3.298774172744518 1.5516358713397616
-3.2977703985431965 1.5639921601726967
-3.2886206106311495 1.5195344002474962
-3.288543397231048 1.5096510850344838
-3.288466183830946 1.499767769821471
-3.2883889704308444 1.4898844546084584
-3.298310892343908 1.4923359800616862
-3.298388105744009 1.5022192952746987
-3.297384331542688 1.514575584107634
-3.288234543630641 1.4701178241824335
-3.2881573302305394 1.4602345089694209
-3.2880801168304377 1.4503511937564082
-3.2880029034303364 1.4404678785433958
-3.2979248253433995 1.4429194039966233
-3.298002038743501 1.4528027192096358
-3.2969982645421796 1.4651590080425712
-3.287848476630133 1.4207012481173706
-3.287771263230031 1.410817932904358
-3.2876940498299296 1.4009346176913455
-3.287616836429828 1.3910513024783329
-3.297538758342891 1.3935028279315604
-3.297615971742993 1.403386143144573
-3.2966121975416716 1.4157424319775085
-3.2874624096296245 1.3712846720523078
-3.287385196229523 1.3614013568392953
-3.287307982829421 1.3515180416262826
-3.2872307694293195 1.3416347264132702
-3.297152691342383 1.3440862518664978
-3.2972299047424847 1.3539695670795102
-3.296226130541163 1.3663258559124456
-3.287076342629116 1.321868095987245
-3.286999129229015 1.3119847807742324
-3.2869219158289127 1.3021014655612198
-3.2868447024288114 1.2922181503482073
-3.2967666243418745 1.2946696758014349
-3.296843837741976 1.3045529910144475
-3.2958400635406546 1.3169092798473827
-3.286690275628608 1.2724515199221822
-3.286613062228506 1.2625682047091695
-3.2954539965401466 1.26749270378232
-3.299797250295865 1.2600716381058825
-3.2898367216827507 1.2526784550461485
-3.286458635428303 1.2428015742831444
-3.296370905666354 1.2440176853347455
-3.2896050814824456 1.2230285094071107
-3.289527868082344 1.2131451941940983
-3.289450654682242 1.2032618789810856
-3.289373441282141 1.1933785637680732
-3.2892190144819375 1.173611933342048
-3.2891418010818354 1.1637286181290354
-3.289064587681734 1.153845302916023
-3.288987374281632 1.1439619877030103
-3.279123362418645 1.148922948659542
-3.279200575818747 1.1588062638725547
-3.2792777892188485 1.1686895790855671
-3.278930328918391 1.1242146606270107
-3.2788531155182894 1.1143313454139983
-3.2887557340813274 1.1143120420639727
-3.2886881723562382 1.1056641412525867
-3.281999561572432 1.0945582805379646
-3.2721162463594196 1.0970484126912432
-3.2754750292638417 1.104454464650994
-3.288832947481429 1.1241953572769852
-3.2818451347722286 1.0747916501119392
-3.2817679213721274 1.0649083348989268
-3.2750889622633332 1.055037888585931
-3.2750214005382445 1.046389987774545
-3.2651477370002446 1.0501155343294504
-3.2685451266047174 1.0624632438957076
-3.2719425162091906 1.0748109534619648
-3.2682555763543366 1.0254008118469105
-3.2681783629542345 1.0155174966338978
-3.258275744391197 1.0155367999839233
-3.258352957791298 1.025420115196936
-3.2614994038454412 1.0056470503209023
-3.261431842120352 0.9969991495095163
-3.2515581785823526 1.0007246960644216
-3.253565726984996 0.9760121183985511
-3.244763399373406 0.976029276931907
-3.2380844402646125 0.9661588306189115
-3.246848161176151 0.9612000144790491
-3.234706354010165 0.9562819498559072
-3.2313475711057427 0.9488758978961565
-3.2412501896687806 0.9488565945461309
-3.227911574801219 0.9315865307233928
-3.227834361401117 0.9217032155103801
-3.21797034953813 0.9266641764669121
-3.2200551113408746 0.9118349140140543
-3.2112527837292855 0.9118520725474102
-3.2078940008248633 0.904446020587659
-3.207749225699673 0.8859148045632605
-3.2010799182658918 0.8772797726518915
-3.194536082607276 0.8847051279616678
-3.184536947294111 0.8723702872954278
-3.1933006682056497 0.8674114711555654
-3.1811588610396635 0.8624934065324235
-3.174402688530768 0.8427396450064153
-3.167723729421974 0.8328691986934198
-3.161073725338219 0.8267049955853039
-3.1511807584501934 0.8279597133369556
-3.1445211026914253 0.8205600958272132
-3.1544044179044377 0.8180699636739348
-3.139959077635419 0.7999784350667816
-3.127862311619492 0.8008256376512306
-3.12778509821939 0.7909423224382179
-3.127727188169314 0.7835298360284586
-3.114543000101955 0.7860264026317456
-3.1144754383768665 0.7773785018203596
-3.1046017748388666 0.7811040483752647
-3.1000397497828605 0.760522387614833
-3.0879429837669337 0.7613695901992821
-3.0878657703668315 0.7514862749862694
-3.0878078603167554 0.7440737885765101
-3.074623672249397 0.7465703551797971
-3.074556110524308 0.7379224543684111
-3.064682446986308 0.7416480009233162
-3.054644704973092 0.7243715026505697
-3.0545771432480033 0.7157236018391837
-3.041383303505632 0.716984754040844
-3.0413060901055307 0.7071014388278316
-3.0313648648424416 0.7021790845713507
-3.0281025986881467 0.7071271766278655
-3.013625086169085 0.6849176000152906
-3.0015411890531754 0.687412021801908
-3.001463975653073 0.6775287065888953
-3.001406065602997 0.670116220179136
-2.991445536989883 0.6627230371194022
-2.988183270835588 0.6676711291759168
-2.9882604842356892 0.6775544443889292
-2.9782999556225755 0.6701612613291954
-2.968271865284372 0.6541201774580754
-2.9605022668991423 0.6454872903633759
-2.9483797630831816 0.6430400545434871
-2.9483025496830804 0.6331567393304744
-2.9383613244199913 0.6282343850739938
-2.9351087099407085 0.634417891532135
-2.915197304389493 0.6208669398142934
-2.9151200909893915 0.610983624601281
-2.908470086905636 0.604819421493165
-2.901935902922033 0.613480191204568
-2.894137349511765 0.6011410609049888
-2.885335021900176 0.6011582194383447
-2.8687148375282936 0.5863654188688683
-2.8686472758032044 0.5777175180574823
-2.8554534360608335 0.5789786702591426
-2.8553762226607313 0.5690953550461302
-2.842192034593373 0.5715919216494172
-2.842124472868284 0.5629440208380312
-2.821106341915611 0.5485716043357747
-2.809009575899684 0.5494188069202237
-2.808932362499583 0.539535491707211
-2.795748174432224 0.542032058310498
-2.7956806127071347 0.533384157499112
-2.7858069491691353 0.5371097040540171
-2.785749039119059 0.5296972176442578
-2.7691867647972526 0.5223169034845407
-2.769119203072164 0.5136690026731547
-2.7559253633297924 0.5149301548748153
-2.7558578016047033 0.5062822540634293
-2.7426639618623323 0.5075434062650896
-2.742606051812256 0.5001309198553303
-2.732742039949269 0.5050918808118618
-2.7161218555773865 0.4902990802423852
-2.716054293852298 0.4816511794309992
-2.702879757459952 0.4853831604359129
-2.7028025440598498 0.47549984522290045
-2.6895990526424662 0.47552558302293435
-2.689531490917377 0.46687768221154835
-2.669658692066212 0.4582683881002132
-2.6629893846324313 0.44963335618884415
-2.656435897298803 0.45582329709699376
-2.648650212788552 0.44513138599958335
-2.6365534467726253 0.4459785885840324
-2.636485885047536 0.4373306877726466
-2.6154870574448887 0.425429100073643
-2.603390291428962 0.426276302658092
-2.6033130780288603 0.41639298744507913
-2.590128889961502 0.41888955404836636
-2.5900613282364127 0.41024165323698014
-2.5801876646984128 0.4139671997918857
-2.5635674803265305 0.3991743992224088
-2.5568981728927493 0.3905393673110398
-2.550344685559121 0.39672930821918984
-2.5425461321488534 0.3843901779196104
-2.5304429316829182 0.3844137709029747
-2.5303850216328416 0.3770012844932151
-2.5105218744566895 0.3696274047835071
-2.5104639644066133 0.36221491837374753
-2.49729907968928 0.36718231378028765
-2.4972218662891783 0.3572989985672752
-2.4840183748717943 0.3573247363673091
-2.483960464821718 0.34991224995754955
-2.4740771496087057 0.3524023821108284
-2.4574762685868485 0.3400804103446049
-2.450806961153068 0.3314453784332354
-2.4442534738194395 0.33763531934138546
-2.43646135485918 0.32611979864289076
-2.4276139860975317 0.3203716899686557
-2.424371023293262 0.32779061082842365
-2.404430662717008 0.3105334159057027
-2.397761355283227 0.3018983839943332
-2.3912078679495985 0.3080883249024833
-2.3834221834393476 0.29739641380507287
-2.3745683802276907 0.29082469552975354
-2.371325417423421 0.29824361638952146
-2.350284765895718 0.2809885662834697
-2.3381622620797575 0.27854133046358154
-2.3381043520296814 0.271128844053822
-2.324920163962323 0.27362541065710877
-2.3248429505622212 0.2637420954440963
-2.3149596353492083 0.26623222759737475
-2.2972391600258772 0.2514415718445675
-2.285135959559942 0.25146516482793224
-2.285068397834853 0.24281726401654646
-2.271874558092482 0.24407841621820703
-2.271806996367393 0.2354305154068208
-2.261914029479368 0.23668523315847256
-2.2442064230560534 0.22354179660783435
-2.2321096570401266 0.22438899919228295
-2.232032443640025 0.2145056839792705
-2.2188482555726665 0.2170022505825573
-2.2187806938475774 0.2083543497711715
-2.2089070303095775 0.2120798963260766
-2.2088491202595013 0.2046674099163175
-2.185685100229003 0.19729996465661737
-2.185617538503914 0.18865206384523114
-2.1724430021115686 0.19238404485014504
-2.1723754403864795 0.18373614403875882
-2.159181600644108 0.18499729624041938
-2.1591140389190193 0.1763493954290336
-2.1492403753810194 0.1800749419839387
-2.1326394943591627 0.16775297021771518
-2.1325815843090865 0.16034048380795562
-2.1193491378666645 0.15665997840310997
-2.119416699591753 0.1653078792144962
-2.106155298124293 0.15792113060477053
-2.106097388074217 0.15050864419501098
-2.0962140728612044 0.1529987763482894
-2.0796324951893728 0.14314763338531922
-2.0795649334642836 0.13449973257393344
-2.0663710937219126 0.135760884775594
-2.066313183671836 0.12834839836583445
-2.0531289956044776 0.13084496496912168
-2.053061433879389 0.12219706415773546
-2.043187770341389 0.12592261071264055
-2.026586889319532 0.11360063894641748
-2.0265289792694556 0.10618815253665792
-2.0133640945521223 0.11115554794319804
-2.0132868811520206 0.1012722327301856
-2.000102693084662 0.10376879933347238
-2.0000351313595734 0.0951208985220866
-1.9901614678215735 0.09884644507699125
-1.9735412834496908 0.08405364450751529
-1.9668816276909227 0.07665402699777246
-1.9603184886822818 0.08160855350429541
-1.953629877898475 0.07050269278967347
-1.9470763905648467 0.07669263369782309
-1.9371544686517832 0.07424110824459573
-1.9403877797810405 0.06558677298320115
-1.9139132352211834 0.056990347771883165
-1.9138553251711072 0.04957786136212361
-1.9006711371037488 0.05207442796541084
-1.9006035753786596 0.04342652715402462
-1.8874290389863138 0.04715850815893807
-1.887361477261225 0.038510607347552295
-1.8774878137232252 0.042236153902457385
-1.8663626496585772 0.026609019648549115
-1.8542658836426509 0.027456222232997707
-1.8542079735925743 0.02004373582323815
-1.8410237855252158 0.022540302426525383
-1.8409465721251141 0.012656987213512938
-1.8310246502120506 0.01020546176028514
-1.8277816874077812 0.01762438262005306
-1.807841326831527 0.00036718769733212753
-1.8011720193977463 -0.008267844214037368
-1.794618532064118 -0.0020779033058873075
-1.7879299212803113 -0.013183764020509692
-1.7813764339466829 -0.006993823112359632
-1.7747071265129022 -0.015628855023728683
-1.7537082989102544 -0.027530442722732307
-1.7416115328943276 -0.02668324013828327
-1.7415343194942263 -0.036566555351295715
-1.7283501314268674 -0.034069988748008484
-1.7282825697017787 -0.042717889559394706
-1.7184089061637788 -0.038992343004489616
-1.7183509961137027 -0.04640482941424917
-1.700694865290456 -0.05295938915621212
-1.6885852303745121 -0.05375940577393212
-1.6885176686494234 -0.0624073065853179
-1.675323828907052 -0.061146154383657336
-1.6752562671819633 -0.06979405519504356
-1.6653439969439123 -0.07101016624664513
-1.6654019069939885 -0.06359767983688558
-1.6421799769134142 -0.07837761150634481
-1.6421124151883255 -0.08702551231773104
-1.6289378787959796 -0.08329353131281758
-1.6288703170708905 -0.09194143212420336
-1.615676477328519 -0.0906802799225428
-1.6156089156034303 -0.09932818073392902
-1.6057352520654304 -0.09560263417902348
-1.5891343710435732 -0.107924605945247
-1.5824650636097926 -0.1165596378566165
-1.5759115762761642 -0.11036969694846643
-1.5692229654923575 -0.12147555766308882
-1.5626694781587291 -0.11528561675493876
-1.5560001707249485 -0.12392064866630781
-1.5349949086722923 -0.13664584596639529
-1.5229045771063738 -0.13497503378086195
-1.5228273637062721 -0.14485834899387484
-1.5096238722888882 -0.14483261119384094
-1.509565962238812 -0.15224509760360005
-1.4996440403257485 -0.1546966230568283
-1.4963914258464661 -0.1485131165986866
-1.4764800202952504 -0.16206406831652842
-1.4764124585701617 -0.1707119691279142
-1.4632379221778158 -0.16697998812300074
-1.4631703604527266 -0.17562788893438652
-1.4532387868646506 -0.179314828789241
-1.4499765207103557 -0.17436673673272596
-1.4400739021473177 -0.17434743338270042
-1.4234730211254605 -0.18666940514892394
-1.4234054594003713 -0.19531730596031016
-1.4102116196580003 -0.1940561537586496
-1.4101537096079242 -0.20146864016840915
-1.3969695215405653 -0.19897207356512192
-1.3969019598154766 -0.20761997437650814
-1.3870282962774767 -0.2038944278216026
-1.3704274152556195 -0.21621639958782612
-1.3703695052055433 -0.22362888599758568
-1.3571370587631213 -0.22730939140243134
-1.35720462048821 -0.21866149059104556
-1.3439432190207499 -0.22604823920077077
-1.3438756572956612 -0.234696140012157
-1.3340019937576613 -0.23097059345725146
-1.3162815184343297 -0.2457612492100587
-1.3041783179683946 -0.2457376562266944
-1.3041107562433059 -0.2543855570380802
-1.2909169165009344 -0.25312440483642007
-1.2908493547758457 -0.26177230564780585
-1.2809370845377948 -0.262988416699407
-1.280994994587871 -0.2555759302896474
-1.2632487814645064 -0.27366102444679186
-1.2511520154485791 -0.27281382186234326
-1.2510844537234904 -0.2814617226737295
-1.2379099173311445 -0.2777297416688156
-1.2378327039310428 -0.28761305688182803
-1.2278914786679542 -0.29253541113830916
-1.2246388641886714 -0.2863519046801679
-1.2047274586374557 -0.2999028563980093
-1.198058151203675 -0.30853788830937834
-1.1915046638700466 -0.3023479474012287
-1.18481605308624 -0.31345380811585066
-1.1782625657526116 -0.30726386720770105
-1.1715836066438179 -0.3171343135206963
-1.1505879962661751 -0.3286240964191576
-1.1384783613502312 -0.3294241130368776
-1.138410799625142 -0.3380720138482638
-1.1252362632327961 -0.3343400328433499
-1.1251687015077074 -0.3429879336547361
-1.1152950379697075 -0.3392623870998306
-1.115237127919631 -0.34667487350959014
-1.0986748535978248 -0.35405518766930744
-1.0920151978390567 -0.3614548051790494
-1.0854713621804408 -0.35402944986927354
-1.0776921121201988 -0.36389775136559965
-1.0655889116542632 -0.3638741583822349
-1.065531001604187 -0.37128664479199447
-1.039066108719343 -0.37864765560168623
-1.0389985469942538 -0.38729555641307245
-1.0258240106019079 -0.383563575408159
-1.0257564488768192 -0.3922114762195448
-1.0125626091344477 -0.3909503240178842
-1.012495047409359 -0.39959822482927043
-1.0026213838713591 -0.3958726782743649
-0.9860205028495019 -0.4081946500405884
-0.9793511954157212 -0.41682968195195746
-0.9727977080820924 -0.41063974104380785
-0.965012023571842 -0.4213316521412178
-0.9561775237102101 -0.4254325416132838
-0.9529152575559148 -0.4204844495567692
-0.9318746060282126 -0.437739499662821
-0.919771405562277 -0.4377159066794567
-0.9197038438371883 -0.4463638074908425
-0.9065100040948169 -0.44510265528918236
-0.9064520940447407 -0.45251514169894147
-0.8965301721316772 -0.45496666715216927
-0.8965880821817533 -0.4475541807424097
-0.8733661521011791 -0.4623341124118694
-0.8733082420511029 -0.4697465988216285
-0.8601240539837445 -0.4672500322183417
-0.8600564922586553 -0.4758979330297275
-0.8501249186705793 -0.4795848728845824
-0.8468626525162839 -0.47463678082806693
-0.8369407306032208 -0.47708830628129517
-0.8203591529313892 -0.4869394492442649
-0.8202915912063 -0.49558735005565113
-0.807097751463929 -0.49432619785399057
-0.8070398414138524 -0.5017386842637501
-0.793855653346494 -0.4992421176604629
-0.7937880916214053 -0.5078900184718491
-0.7839144280834054 -0.504164471916944
-0.7673135470615482 -0.5164864436831671
-0.7606442396277671 -0.5251214755945366
-0.7540907522941387 -0.5189315346863865
-0.7463050677838883 -0.5296234457837969
-0.7374512645722309 -0.5361951640591163
-0.734208301767961 -0.5287762431993484
-0.7142486378416817 -0.5485042669253226
-0.7076854988330408 -0.5435497404187992
-0.7009968880492345 -0.5546556011334216
-0.6944434007156062 -0.5484656602252715
-0.6866577162053558 -0.559157571322682
-0.6778232163437234 -0.5632584607947484
-0.6745706018644411 -0.5570749543366071
-0.6601349132704355 -0.5739310685421333
-0.6480381472545078 -0.5730838659576847
-0.6479802372044317 -0.5804963523674442
-0.6347960491370728 -0.577999785764157
-0.6347188357369715 -0.5878831009771694
-0.6247776104738829 -0.5928054552336506
-0.6215346476696126 -0.5853865343738827
-0.6005132994919364 -0.6001707556766811
-0.5883907956759753 -0.6026179914965697
-0.5883328856258991 -0.6100304779063292
-0.5751486975585403 -0.607533911303042
-0.5750811358334511 -0.6161818121144278
-0.5651881689454266 -0.6149270943627765
-0.5474805625221126 -0.6280705309134142
-0.535383796506185 -0.6272233283289652
-0.5353065831060837 -0.6371066435419781
-0.5221223950387248 -0.6346100769386909
-0.5220548333136357 -0.6432579777500771
-0.5121811697756362 -0.639532431195172
-0.51212325972556 -0.6469449176049316
-0.4955416820537284 -0.6567960605679013
-0.4889785430450866 -0.6518415340613783
-0.48228993226128036 -0.6629473947760003
-0.47573644492765244 -0.6567574538678507
-0.46794432596739366 -0.6682729745663458
-0.4591162605557697 -0.6715502544373275
-0.4558636460764873 -0.6653667479791858
-0.43595224052527115 -0.6789176996970272
-0.4358846788001829 -0.6875656005084134
-0.422710142407837 -0.6838336195034995
-0.42264258068274785 -0.6924815203148857
-0.40944874094037687 -0.6912203681132252
-0.4093811792152877 -0.6998682689246114
-0.39952681902731335 -0.693671893566453
-0.3829066346554306 -0.7084646941359294
-0.3762373272216495 -0.7170997260472989
-0.36968383988802156 -0.7109097851391488
-0.36299522910421445 -0.7220156458537712
-0.3564417417705865 -0.7158257049456211
-0.3497724343368054 -0.7244607368569902
-0.3287736067341589 -0.7363623245559929
-0.3166768407182312 -0.7355151219715443
-0.31660927899314206 -0.7441630227829306
-0.3034154392507711 -0.74290187058127
-0.30334787752568193 -0.7515497713926562
-0.2934163039376063 -0.7552367112475107
-0.29016368945832305 -0.749053204789369
-0.27025228390710776 -0.7626041565072108
-0.2701943738570316 -0.7700166429169699
-0.25696192741460955 -0.773697148321816
-0.2570294891396987 -0.7650492475104298
-0.24376808767223768 -0.7724359961201555
-0.24371017762216152 -0.779848482529915
-0.23382686240914996 -0.7773583503766361
-0.2172452847373174 -0.7872094933396063
-0.21717772301222915 -0.7958573941509925
-0.20400318661988326 -0.7921254131460786
-0.2039356248947941 -0.8007733139574649
-0.19074178515242224 -0.7995121617558043
-0.19068387510234608 -0.8069246481655639
-0.1808198632393596 -0.8019636872090321
-0.16309938791602896 -0.8167543429618389
-0.15097688410006782 -0.819201578781728
-0.15091897404999077 -0.8266140651914871
-0.13773478598263278 -0.8241174985882003
-0.13766722425754363 -0.832765399399586
-0.12777425736951908 -0.8315106816479338
-0.10459093398899455 -0.8413489557108877
-0.1045233722639054 -0.8499968565222735
-0.09132953252153442 -0.848735704320613
-0.09127162247145826 -0.8561481907303725
-0.07808743440409938 -0.8536516241270857
-0.07801987267901112 -0.8622995249384715
-0.06814620914101166 -0.8585739783835664
-0.05154532811915402 -0.8708959501497895
-0.044876020685372886 -0.8795309820611585
-0.03832253335174407 -0.8733410411530089
-0.030536848841494546 -0.8840329522504189
-0.017359095224144028 -0.8807127760460478
-0.01836286942546561 -0.8930690648789832
-0.002363004137159841 -0.8907312227326689
0.006731981353165217 -0.8974819580869227
-0.02459785148367466 -0.5175095212345142
-0.034500470046712195 -0.5175288245845397
-0.034577683446814333 -0.5076455093715269
-0.021412798729480542 -0.5026781139649867
-0.005297723292469136 -0.5150871708531799
-0.04787769161432465 -0.4953171031552954
-0.051120654418594924 -0.5027360240150629
-0.06107153135669652 -0.49657825535695554
-0.06113909308178567 -0.48793035454556977
-0.07433293282415665 -0.48919150674723033
-0.0744004945492458 -0.4805436059358441
-0.0864779572151475 -0.4838616373235456
-0.10416626028843634 -0.4731890295761607
-0.10091364580915307 -0.4670055231180199
-0.11409783387651196 -0.4695020897213067
-0.1141653956016011 -0.4608541889099209
-0.1273399319939461 -0.46458616991483437
-0.12740749371903526 -0.45593826910344815
-0.13952356308498892 -0.45431464288464385
-0.16051273901262242 -0.44364846958726734
-0.16719169812141654 -0.4337780232742716
-0.17374518545504447 -0.43996796418242123
-0.1804337962388507 -0.4288621034677993
-0.1869872835724795 -0.4350520443759489
-0.19365659100626065 -0.4264170124645803
-0.21356799655747594 -0.4128660607467385
-0.2168206110367592 -0.4190495672048802
-0.22676183629984692 -0.41412721294839905
-0.22683904969994906 -0.4042438977353866
-0.24001358609229495 -0.40797587874030006
-0.2400811478173841 -0.39932797792891384
-0.2521779138333118 -0.40017518051336287
-0.26984691355657464 -0.39197340156923133
-0.27977848714465026 -0.3882864617143764
-0.2798460488697394 -0.37963856090299064
-0.2930302369370974 -0.38213512750627787
-0.29308814698717356 -0.3747226410965183
-0.3063012900795705 -0.37351296449492555
-0.32618374060574773 -0.3636682559819642
-0.3262513023308369 -0.35502035517057795
-0.33946444542323384 -0.3538106785689856
-0.346114449506989 -0.34764647546086946
-0.3582240844229334 -0.34684645884314946
-0.3792583015006272 -0.33041501833818243
-0.3825205676549226 -0.335363110394697
-0.3913550675165549 -0.3312622209226306
-0.39914075202680444 -0.32057030982522017
-0.40569423936043325 -0.3267602507333702
-0.4123635467942144 -0.3181252188220012
-0.4290030345161222 -0.30086158944927144
-0.43890565307915974 -0.300880892799297
-0.4388477430290836 -0.30829337920905653
-0.4520898411465186 -0.30337745940258376
-0.4521477511965948 -0.29596497299282465
-0.46535124261397876 -0.29599071079285855
-0.4654091526640549 -0.288578224383099
-0.4919126522489501 -0.276275555966901
-0.49517491840324546 -0.2812236480234156
-0.5040415905149196 -0.2730047105459281
-0.5118144061251533 -0.26396001865068586
-0.5183582417837691 -0.2713853739604626
-0.5250178975425372 -0.26398575645071976
-0.5415801718643438 -0.25660544229100335
-0.54163808191442 -0.2491929558812438
-0.5515117454524194 -0.25291850243614844
-0.5515793071775086 -0.24427060162476266
-0.5647634952448666 -0.24676716822804945
-0.5648407086449687 -0.236883853015037
-0.5780635034123778 -0.234438762011818
-0.5780055933623016 -0.24185124842157713
-0.5946450810842103 -0.22458761904884783
-0.6045380479722349 -0.2258423368004996
-0.604605609697324 -0.2171944359891138
-0.6177801460896699 -0.22092641699402726
-0.6178477078147582 -0.21227851618264104
-0.63104154755713 -0.2135396683843016
-0.6311091092822192 -0.20489176757291583
-0.6509819081333834 -0.19628247346158068
-0.6542345226126667 -0.20246597991972193
-0.6641853995507674 -0.19630821126161457
-0.6642529612758565 -0.1876603104502288
-0.6774371493432154 -0.19015687705351558
-0.6775143627433167 -0.18027356184050314
-0.6895918254092184 -0.18359159322820462
-0.7072801284825072 -0.17291898548081974
-0.7073380385325834 -0.16550649907106063
-0.7172599604456469 -0.16305497361783283
-0.7171923987205577 -0.17170287442921905
-0.7304634518630309 -0.16308071141786673
-0.730521361913107 -0.15566822500810718
-0.7426374312790593 -0.15404459878930288
-0.7669081767110146 -0.14585568874518762
-0.7636652139067448 -0.13843676788542014
-0.7757877177227059 -0.1359895320655311
-0.7835669677829475 -0.126121230569205
-0.7901011517665508 -0.13478200028060794
-0.7967704592003315 -0.1261469683692389
-0.8166818647515477 -0.11259601665139751
-0.8199344792308301 -0.11877952310953876
-0.8298660528189061 -0.11509258325468474
-0.8299336145439948 -0.10644468244329852
-0.8431178026113537 -0.10894124904658575
-0.8431950160114554 -0.09905793383357286
-0.8563888557538264 -0.10031908603523343
-0.8729607817506455 -0.09170335747388991
-0.8730379951507472 -0.08182004226087747
-0.8829599170638103 -0.07936851680764967
-0.8828923553387216 -0.08801641761903545
-0.8961441051311692 -0.0818650834109369
-0.8962020151812453 -0.07445259700117735
-0.9082987811971726 -0.07529979958562594
-0.925987084270461 -0.06462719183824106
-0.9260449943205371 -0.057214705428481505
-0.935918657858537 -0.060940251983386595
-0.9359862195836257 -0.05229235117200082
-0.9491704076509846 -0.054788917775287604
-0.9492476210510863 -0.04490560256227516
-0.9613379526170047 -0.04657641474780805
-0.9823721696946985 -0.030144974242841016
-0.9856344358489939 -0.0350930662993556
-0.9944689357106258 -0.030992176827289608
-1.0022546202208762 -0.020300265729879197
-1.008817759229517 -0.02525479223640259
-1.0154774149882857 -0.017855174726660206
-1.0320782960101424 -0.0055332029604366895
-1.0419519595481423 -0.00925874951534178
-1.0420195212732315 -0.0006108487039560018
-1.05520370934059 -0.003107415307242789
-1.055261619390666 0.004305071102516322
-1.0684554591330375 0.0030439189008562018
-1.0685230208581262 0.011691819712242424
-1.0950265204430214 0.023994488128440405
-1.0982887865973168 0.019046396071925376
-1.1071232864589486 0.023147285543990925
-1.114908970969199 0.03383919664140178
-1.1214721099778404 0.02888467013487883
-1.1281317657366086 0.036284287644621216
-1.1446940400584147 0.043664601804338066
-1.1447519501084908 0.05107708821409762
-1.1546256136464907 0.04735154165919253
-1.15469317537158 0.05599944247057831
-1.1678870151139509 0.054738290268917744
-1.16795457683904 0.06338619108030397
-1.1800513428549673 0.06253898849585493
-1.1977589492782807 0.07568242504649358
-1.2076519161663062 0.07442770729484138
-1.2077194778913953 0.08307560810622716
-1.2209036659587538 0.08057904150294037
-1.22096157600883 0.08799152791269949
-1.233084079824791 0.09043876373258852
-1.2508045551481217 0.10522941948539533
-1.2607264770611852 0.10768094493862312
-1.2639887432154802 0.10273285288210854
-1.2739299684785692 0.10765520713858923
-1.274007181878671 0.11753852235160167
-1.2872299766460804 0.1199836133548211
-1.2871720665960038 0.11257112694506155
-1.3103939966765785 0.12735105861452167
-1.3071413821972961 0.13353456507266248
-1.3203255702646546 0.1310379984693757
-1.3203931319897433 0.13968589928076147
-1.3335869717321147 0.13842474707910135
-1.3336545334572039 0.14707264789048713
-1.3457512994731302 0.14622544530603854
-1.3634589058964446 0.15936888185667675
-1.37335187278447 0.15811416410502455
-1.3734194345095587 0.16676206491641077
-1.3866132742519302 0.1655009127147502
-1.3866808359770193 0.17414881352613598
-1.3987840364429545 0.17412522054277169
-1.4186729214191405 0.1847935386568178
-1.4264650403793997 0.1963090593553125
-1.433018527713028 0.1901191184471629
-1.4397071384968347 0.20122497916178528
-1.446260625830463 0.19503503825363566
-1.4529299332642438 0.20367007016500427
-1.4695501176361265 0.21846287073448067
-1.47947203954919 0.22091439618770847
-1.479404477824101 0.2122664953763227
-1.492665879291561 0.2196532439860479
-1.4927334410166502 0.22830114479743413
-1.5059176290840086 0.2258045781941469
-1.5059755391340848 0.23321706460390645
-1.5258483379852499 0.2418263587152416
-1.5325176454190306 0.25046139062661066
-1.5390614810776464 0.24303603531683438
-1.5457597435364656 0.255377310433083
-1.552313230870094 0.24918736952493337
-1.5589825383038751 0.2578224014363024
-1.5821658616843983 0.2676606754992559
-1.578922898880129 0.27507959635902335
-1.5920974352724748 0.2713476153541099
-1.5921649969975635 0.2799955161654961
-1.605358836739935 0.27873436396383555
-1.6054263984650237 0.28738226477522133
-1.618620238207395 0.2861211125735612
-1.6351921642042138 0.2947368411349047
-1.6352500742542904 0.3021493275446643
-1.6451237377922903 0.29842378098975875
-1.645191299517379 0.30707168180114497
-1.6583851392597504 0.3058105295994844
-1.658452700984839 0.3144584304108706
-1.670549467000766 0.3136112278264216
-1.6882377700740547 0.3242838355738069
-1.6849851555947724 0.33046734203194816
-1.6981596919871182 0.32673536102703427
-1.6982176020371944 0.3341478474367938
-1.7114210934545784 0.3341221096367599
-1.71149830685468 0.34400542484977237
-1.7235950728706069 0.3431582222653238
-1.7412833759438957 0.3538308300127091
-1.7413412859939719 0.3612433164224682
-1.7512632079070354 0.363694841875696
-1.7512052978569592 0.35628235546593645
-1.7644666993244194 0.3636691040756621
-1.764543912724521 0.37355241928867455
-1.776634244290439 0.37188160710314166
-1.7943482851637622 0.38584865325486417
-1.8042412520517872 0.38459393550321197
-1.8043088137768764 0.3932418363145982
-1.8175026535192473 0.3919806841129376
-1.8175702152443365 0.4006285849243234
-1.82967985016028 0.40142860154204385
-1.8473938910336027 0.41539564769376636
-1.8572868579216282 0.41414092994211416
-1.8573544196467169 0.42278883075349993
-1.8705482593890883 0.4215276785518398
-1.8706158211141775 0.4301755793632256
-1.882725456030121 0.4309755959809456
-1.9004394969034437 0.4449426421326681
-1.9103228121164562 0.4424525099793897
-1.9104000255165579 0.4523358251924021
-1.9235938652589293 0.45107467299074155
-1.923661426984018 0.4597225738021278
-1.936864918401402 0.4596968360020939
-1.9534851027732847 0.4744896365715705
-1.9633780696613097 0.4732349188199185
-1.9634456313863988 0.4818828196313045
-1.9766491228037828 0.48185708183127063
-1.9767263362038845 0.4917403970442831
-1.9888231022198113 0.4908931944598345
-2.0065114052931 0.5015658022072196
-2.0032587908138177 0.5077493086653608
-2.0164333272061636 0.5040173276604472
-2.01649123725624 0.5114298140702065
-2.0297043803486363 0.5126394906717993
-2.0297719420737255 0.5212873914831853
-2.041868708089652 0.5204401888987364
-2.0529938721542997 0.5360673231526449
-2.0628675356922996 0.5323417765977396
-2.062935097417389 0.5409896774091256
-2.0761289371597598 0.5397285252074651
-2.076196498884849 0.5483764260188511
-2.089371035277195 0.5446444450139376
-2.0894385970022835 0.5532923458253236
-2.112621920382807 0.5631306198882768
-2.1093789575785373 0.5705495407480448
-2.1214692891444558 0.5688787285625116
-2.129261408104715 0.5803942492610066
-2.1358148954383434 0.5742043083528567
-2.1424842028721245 0.5828393402642258
-2.1623859567483272 0.5951548775804407
-2.1624438667984034 0.6025673639902001
-2.175628054865762 0.600070797386913
-2.1757052682658635 0.6099541125999257
-2.188899108008235 0.6086929603982651
-2.1889666697333237 0.6173408612096511
-2.205567550755181 0.6296628329758744
-2.2154508659681933 0.627172700822596
-2.2155087760182695 0.6345851872323554
-2.2287122674356534 0.6345594494323215
-2.228789480835755 0.6444427646453341
-2.240911984651716 0.6468900004652227
-2.2520500176163805 0.6641643539212998
-2.2619236811543804 0.6604388073663947
-2.2619912428794695 0.6690867081777807
-2.2751947342968535 0.6690609703777468
-2.275271947696955 0.6789442855907593
-2.2873944515129154 0.6813915214106483
-2.3050956234862214 0.693711348360202
-2.3051535335362976 0.7011238347699615
-2.3139558611478868 0.7011066762366056
-2.321754414558155 0.7134458065361846
-2.328307901891783 0.7072558656280348
-2.334977209325564 0.7158908975394038
-2.34501495133878 0.7331673958121505
-2.353804410050352 0.731503018076626
-2.361596529010612 0.7430185387751207
-2.36815001634424 0.7368285978669709
-2.374819323778021 0.7454636297783399
-2.3715956643237766 0.7553533794413609
-2.381488631211802 0.754098661689709
-2.3980991639086717 0.7676560478575589
-2.3948368977543764 0.7726041399140735
-2.4080210858217352 0.7701075733107865
-2.4080789958718114 0.777520059720546
-2.408156209271913 0.7874033749335585
-2.4202787130878733 0.7898506107534473
-2.4380184917612304 0.8071120953095074
-2.434756225606935 0.8120601873660223
-2.4479404136742935 0.8095636207627352
-2.4479983237243697 0.8169761071724948
-2.4480755371244713 0.8268594223855072
-2.460198040940432 0.8293066582053958
-2.4746465984344557 0.8478099916130912
-2.4747141601595444 0.8564578924244772
-2.486810926175471 0.8556106898400282
-2.4945869590107095 0.8650671865358124
-2.494654520735798 0.8737150873471984
-2.4847132954727096 0.8687927330907173
-2.504692262749014 0.8909915856199448
-2.5047501727990906 0.8984040720297042
-2.5146527913621286 0.8983847686796789
-2.5145852296370395 0.8897368678682929
-2.511429131907884 0.9082745183426999
-2.521331750470922 0.9082552149926746
-2.5181080910166775 0.9181449646556954
-2.528001057904703 0.9168902469040436
-2.531466009234265 0.9378858572816866
-2.5315432226343666 0.9477691724946993
-2.540306943545905 0.9428103563548369
-2.544650197301624 0.9353892906783996
-2.5480861936061476 0.9526786578511632
-2.5481634070062493 0.9625619730641757
-2.5382221817431603 0.9576396188076948
-2.551599403310773 0.9798513402369391
-2.5516573133608493 0.9872638266466987
-2.5615309768988492 0.9835382800917936
-2.561598538623938 0.9921861809031796
-2.5550547029653226 0.9996115362129558
-2.5584520925697953 1.011959245779213
-2.567215813481334 1.0070004296393509
-2.565188961728665 1.029242178501968
-2.5652468717787413 1.0366546649117274
-2.565324085178843 1.04653798012474
-2.5654012985789447 1.0564212953377525
-2.574203626190534 1.0564041368043966
-2.575207400391856 1.0440478479714617
-2.575130186991754 1.034164532758449
-2.578392453146049 1.0292164407019344
-2.5721767744378656 1.078645885667014
-2.572234684487942 1.0860583720767734
-2.5723118978880435 1.095941687289786
-2.572389111288145 1.1058250025027985
-2.5822531231511325 1.100864041546267
-2.582330336551234 1.1107473567592794
-2.585766332855758 1.128036723932043
-2.5825040667014627 1.1329848159885576
-2.5825812801015644 1.1428681312015703
-2.581577505900243 1.1552244200345057
-2.579550654147574 1.1774661688971229
-2.5796085641976503 1.1848786553068822
-2.579685777597752 1.1947619705198949
-2.5797629909978537 1.2046452857329073
-2.5896656095608916 1.2046259823828818
-2.58958839616079 1.1947426671698693
-2.5895111827606883 1.1848593519568567
-2.589453272710612 1.1774468655470973
-2.5898393397111206 1.22686344161216
-2.5898972497611967 1.2342759280219195
-2.5899744631612984 1.244159243234932
-2.5900516765614 1.2540425584479447
-2.580149057998362 1.2540618617979702
-2.5800718445982604 1.2441785465849575
-2.5799946311981587 1.234295231371945
-2.5799367211480826 1.2268827449621855
-2.5803227881485906 1.2762993210272484
-2.580380698198667 1.2837118074370077
-2.580457911598769 1.2935951226500204
-2.58053512499887 1.3034784378630329
-2.590437743561908 1.3034591345130073
-2.590360530161807 1.2935758192999949
-2.590283316761705 1.2836925040869822
-2.5902254067116286 1.2762800176772229
-2.590611473712137 1.3256965937422858
-2.5906693837622132 1.333109080152045
-2.590746597162315 1.3429923953650578
-2.5908238105624166 1.3528757105780702
-2.5809211919993786 1.3528950139280957
-2.580843978599277 1.3430116987150833
-2.5807667651991752 1.3331283835020706
-2.580708855149099 1.3257158970923113
-2.5810949221496076 1.375132473157374
-2.5811528321996837 1.3825449595671335
-2.5812300455997854 1.392428274780146
-2.581307258999887 1.4023115899931586
-2.5912195292379376 1.4035277010447595
-2.5911326641628234 1.3924089714301204
-2.5910554507627217 1.382525656217108
-2.5909975407126455 1.3751131698073484
-2.5814809891501156 1.4245490492224369
-2.5815388992001918 1.4319615356321962
-2.5816161126002934 1.4418448508452089
-2.581693326000395 1.4517281660582213
-2.5904570469119337 1.4467693499183591
-2.5914608211132553 1.4344130610854238
-2.5913932593881666 1.4257651602740378
-2.581867056150624 1.4739656252874995
-2.5819249662007002 1.4813781116972589
-2.582002179600802 1.4912614269102715
-2.5820793930009036 1.5011447421232842
-2.5908431139124417 1.4961859259834218
-2.5918468881137637 1.4838296371504867
-2.5917793263886746 1.4751817363391007
-2.59215574171417 1.5233628980025369
-2.5922329551142718 1.5332462132155493
-2.5823110332012087 1.5307946877623217
-2.5822531231511325 1.5233822013525624
-2.5823882466013104 1.5406780029753344
-2.582465460001412 1.5505613181883469
-2.59122918091295 1.5456025020484847
-2.582619886801615 1.570327948614372
-2.5826971002017167 1.5802112638273846
-2.5827743136018184 1.590094579040397
-2.58285152700192 1.5999778942534095
-2.5916152479134587 1.5950190781135474
-2.5926190221147802 1.5826627892806124
-2.5925418087146785 1.5727794740675998
-2.5830059538021235 1.6197445246794349
-2.583083167202225 1.6296278398924473
-2.583160380602327 1.63951115510546
-2.5832375940024286 1.6493944703184726
-2.5920013149139667 1.6444356541786103
-2.5930050891152887 1.632079365345675
-2.592927875715187 1.6221960501326627
-2.583392020802632 1.6691611007444975
-2.5834692342027337 1.6790444159575102
-2.583546447602835 1.6889277311705229
-2.5836236610029366 1.6988110463835353
-2.592387381914475 1.6938522302436732
-2.5933911561157967 1.6814959414107378
-2.593313942715695 1.6716126261977253
-2.58377808780314 1.7185776768095604
-2.5838553012032417 1.728460992022573
-2.5839325146033434 1.7383443072355855
-2.584009728003445 1.748227622448598
-2.5927734489149836 1.7432688063087358
-2.593777223116305 1.7309125174758007
-2.5937000097162035 1.721029202262788
-2.5841641548036485 1.7679942528746233
-2.58424136820375 1.7778775680876358
-2.584318581603852 1.7877608833006482
-2.5843957950039536 1.7976441985136609
-2.5931595159154917 1.7926853823737987
-2.5941632901168137 1.7803290935408635
-2.594086076716712 1.7704457783278509
-2.5845502218041565 1.817410828939686
-2.584627435204258 1.8272941441526984
-2.58470464860436 1.8371774593657113
-2.5847818620044616 1.8470607745787238
-2.593545582916 1.8421019584388616
-2.5945493571173217 1.8297456696059262
-2.59447214371722 1.8198623543929138
-2.584936288804665 1.8668274050047489
-2.5850135022047667 1.8767107202177615
-2.5850907156048684 1.886594035430774
-2.58516792900497 1.8964773506437864
-2.593931649916508 1.8915185345039243
-2.59493542411783 1.879162245670989
-2.5948582107177285 1.8692789304579764
-2.5853223558051734 1.9162439810698118
-2.585399569205275 1.9261272962828242
-2.585476782605377 1.9360106114958366
-2.585553996005478 1.9458939267088493
-2.5943177169170166 1.9409351105689872
-2.595321491118338 1.928578821736052
-2.5952442777182365 1.9186955065230393
-2.5889899923100024 1.9631832938816127
-2.5857470295057325 1.9706022147413806
-2.5858242429058342 1.9804855299543933
-2.595726861468872 1.9804662266043678
-2.5956496480687705 1.9705829113913553
-2.595804074868974 1.9903495418173804
-2.5826102351266025 1.991610694019041
-2.582175909751031 1.0909807263332543
-2.582098696350929 1.0810974111202418
-3.1611798937633586 0.8402945540031961
