#From Troitsk nu-mass 1703.10779
101.376 5.99153
110.765 5.53325
119.829 4.9598
133.513 4.23009
150.231 3.57204
165.754 3.13878
184.695 2.75807
201.78 2.42353
218.287 2.15087
233.818 1.87128
255.452 1.66074
273.65 1.50351
290.256 1.33435
307.882 1.20802
333.062 1.06149
360.302 0.932744
382.182 0.844434
405.408 0.779846
430.017 0.699025
460.641 0.62658
498.336 0.561643
533.803 0.49352
588.999 0.446795
618.663 0.41262
656.246 0.377289
696.157 0.355432
709.963 0.341568
731.171 0.318596
814.736 0.282751
855.86 0.274438
872.832 0.263734
925.856 0.241151
991.939 0.231745
1073.43 0.238765
1116.64 0.241151
1208.43 0.253447
1307.82 0.271722
1360.44 0.271722
1501.52 0.279952
1624.74 0.277182
1775.8 0.297168
1847.67 0.331527
1980.23 0.373555
1922.13 0.341568
