# mass(eV) Mixing (%)
2.11996636 62.90687165
2.26329255 53.76509372
2.41614280 47.25860343
2.57938656 41.07618456
2.84526087 32.82198463
3.03737234 29.01221888
3.24245513 25.64466635
3.46171781 21.79534462
3.69550308 19.15773742
3.94496856 17.02926703
4.14324306 15.30801777
4.35154262 13.68378772
4.64523036 12.23189372
4.95898891 10.71150317
5.20789442 9.88415854
5.46986904 8.73686873
5.83927373 7.67955910
6.23362596 6.75020190
6.54719833 5.96668170
6.87626115 5.36359371
7.34054498 4.74102211
7.83628476 4.16727784
8.36607848 3.56167900
8.93095448 3.14826211
9.53383987 2.79848267
10.17812195 2.41877908
10.86534678 2.13802270
11.59897289 1.88985472
12.18160384 1.71799812
13.21944321 1.41974783
14.11182367 1.26201046
15.06465127 1.11552437
16.08159277 0.99158694
17.44802629 0.89302924
20.87287852 0.76611110
23.01363571 0.74076075
25.78917087 0.72432827
32.91206589 0.72432827
39.99281795 0.80126616
44.80749425 0.84748714
51.03171128 0.84748714
62.04539072 0.74632067
67.31423130 0.68482424
77.95151079 0.58530393
83.20564041 0.54110631

