# mass(eV) Mixing (%)
106.77096289 95.43984596
110.12215529 85.15735971
113.81508886 70.37375387
117.62863387 58.81261780
121.56995742 49.15076748
125.63643964 42.00805970
129.83537869 36.30832416
134.17096694 31.73591680
140.92602376 27.58419169
150.43099249 25.07578440
160.57483313 22.92368455
179.99351297 19.88757176
198.48483571 18.04530170
226.13919513 15.53867470
245.34049273 14.31170514
284.11803793 12.09546129
308.24791640 11.05738248
345.51554858 9.70109888
374.85299655 8.93507776
434.09680033 7.57971972
470.96207863 6.94216482
527.90934468 6.05658599
572.74156850 5.54714683
652.54310095 4.76768563
696.51659692 4.43245569
731.44322991 4.16727784
833.35325193 3.58841186
889.51523228 3.32986938
997.06807659 2.91052975
1064.25838017 2.70588187
1135.97649584 2.51562339
1252.75935852 2.22362594
1337.18015544 2.06727629
1427.28989087 1.92192003
1599.88065738 1.67361825
1735.74113053 1.53571298
1945.61262997 1.34231641
2110.82269923 1.23401497
2404.92896878 1.06061650
2609.12955771 0.97686777
2784.96601433 0.90648516
3071.24338427 0.80426757
3332.11170903 0.73249843
3563.28313397 0.66730492
3858.91337799 0.60987768
4186.60894389 0.55962408
4847.79515032 0.49466650
5474.43704480 0.45936951
6088.97192996 0.43237178
7178.82367486 0.38711307
8408.06854921 0.35814101

