# mass(eV) Mixing (%)
5880.41194262 1.12179808
6176.55571909 0.96959033
6487.61360995 0.83803442
6704.62253204 0.71624924
6929.01721072 0.60760171
7044.30555094 0.55028731
7318.32498836 0.50211999
7644.79357172 0.44675065
7986.44728370 0.38505340
8434.31750939 0.33156661
8575.82933717 0.28391281
8862.44510517 0.24539096
9158.76572775 0.21090968
9618.42575316 0.19498342
9778.23797587 0.17824919
10050.79017252 0.15177706
10274.44214356 0.13266336
10851.11702049 0.11211973
12094.30219825 0.10881581
13331.78445157 0.11509284
14703.28666986 0.09910559
16480.70960758 0.08743843
18469.27806409 0.08375856
19708.01891402 0.08793019
20487.41829857 0.09683467
21720.35624302 0.10059888
22432.51607201 0.11170131
23546.28434235 0.12731796
24116.00839079 0.15493045
24704.04024920 0.17494793
25236.88743407 0.20090359
25919.19684898 0.23860548
26745.02118327 0.38218483
26755.30669742 0.32664481
26764.49353471 0.28391281

