# mass(eV) Mixing (%)
400949.76224570 0.63881822
445076.03860019 0.55338213
482935.61152563 0.48098811
524010.84199280 0.41963075
577918.25662397 0.36134091
637353.87104543 0.31465760
702889.23147808 0.27606212
800806.23891519 0.23949925
912321.95587345 0.21169971
989718.52344596 0.20052837
1073710.49480576 0.18782791
1263440.23573220 0.17824919
1370498.34784078 0.17527528
1586481.96235865 0.17429505
1720771.35780898 0.17725232
1991755.64265304 0.18366128
2125518.50220111 0.18642864
2343064.71967835 0.19498342

