# mass(eV) Mixing (%)
2.93474618 61.85733337
3.13285665 54.98483587
3.29017879 50.26582669
3.45563840 44.68117327
3.68896244 39.49486887
3.93798639 35.10689460
4.13573959 32.09388646
4.34372156 28.52817901
4.63688145 25.50124722
4.94982684 22.79548266
5.21958207 20.77626938
5.45951318 18.94405533
5.82797839 16.93402997
6.22131150 15.13727479
6.64192047 12.93748960
7.09057639 11.30823586
7.56953863 9.88415854
7.95009356 8.83541745
8.21489387 7.98703720
8.62777524 7.17973986
9.06115920 6.52684012
9.51670463 5.83432133
10.16010778 4.98646372
11.02390447 4.40766695
12.76524727 3.85259730
13.84748604 3.72511622
15.26644937 3.72511622
17.10435467 3.93999927
19.38178558 4.24989674
21.12026284 4.76768563
24.83032458 4.88865275
26.95732045 4.50766152
30.71419568 3.83105145
32.78576104 3.48266939
34.99848805 3.11314694
36.75600123 2.84596475
38.60442168 2.52977127
41.21041884 2.24870764
43.27987550 2.05571494
51.77286064 1.79683309
63.96893550 1.67988734
70.52711339 1.64877497
77.75906787 1.60618330
85.73416740 1.55303527
99.25634247 1.47659242
109.44074680 1.40391221
126.70719377 1.31253947
164.36752061 1.26910801
175.41258200 1.26910801

