# mass(eV) Mixing (%)
4997.58425938 1.16018830
5335.45977055 0.99158694
5789.54932801 0.84748714
6281.76787751 0.74911626
6704.62253204 0.71624924
6706.83256461 0.62605000
7082.10064641 0.56593643
7318.25799065 0.50400085
7728.11454309 0.44661148
8035.41549948 0.39318288
8220.88302954 0.35261217
8602.79280414 0.31134597
9416.35705923 0.29256085
9853.05310509 0.26648678
10080.08999628 0.24273653
10787.73053484 0.22456980
11689.03260224 0.20623102
12477.24573602 0.18853148
14684.18502420 0.16852769
17281.00675660 0.15234559
19054.42220777 0.14403684
21939.58950542 0.13927071
22424.40558683 0.12947818
23928.96586162 0.13466229
26378.81321970 0.13927071
31033.53958203 0.14403684
35333.73783751 0.16295116
38313.54802950 0.18642864
40869.03077436 0.22559221
42205.36018914 0.25954632
42887.17204064 0.28550953
43576.40774902 0.32481804
44224.46135106 0.59858243
44241.46905204 0.51159499
44258.48329380 0.43724878
44275.50407884 0.37370673
44932.10331108 0.70036051
45603.44944026 1.25495260
45615.97591484 1.12179808
45625.99957184 1.02552107
45638.53224056 0.91670998
45651.06835177 0.81944409

