# mass(eV) Mixing (%)
5031.73996054 0.07185472
5547.65122735 0.07026074
6216.71982656 0.06870213
6966.48073537 0.06717810
7934.84957045 0.06495520
8607.80321444 0.06210533
9039.56326939 0.05806324
9341.16453532 0.05132363
9652.82860196 0.04536631
9973.79544948 0.04194060
10593.06991546 0.03811370
12126.78708132 0.03638580
12940.01640929 0.03834110
13363.67764605 0.04337589
13801.77829514 0.04825312
14248.37009935 0.06351428
14252.47959605 0.05645769
14957.09854234 0.06986781
17592.75915240 0.07860051
19078.51013936 0.08597961
20487.41829857 0.09683467
21735.32472061 0.12628488
21951.84497274 0.11086916

