0.01		1.		1.		1.		1.
0.0104993889	1.		1.		1.		1.
0.0110237167	1.		1.		1.		1.
0.0115742288	1.		1.		1.		1.
0.0121522329	1.		1.		1.		1.
0.0127591019	1.		1.		1.		1.
0.0133962772	1.		1.		1.		1.
0.0140652724	1.		1.		1.		1.
0.0147676765	1.		1.		1.		1.
0.0155051578	1.		1.		1.		1.
0.0162794681	1.		1.		1.		1.
0.0170924466	1.		1.		1.		1.
0.0179460244	1.		1.		1.		1.
0.0188422289	1.		1.		1.		1.
0.0197831888	1.		1.		1.		1.
0.0207711393	1.		1.		1.		1.
0.0218084268	1.		1.		1.		1.
0.0228975154	1.		1.		1.		1.
0.0240409918	1.		1.		1.		1.
0.0252415722	1.		1.		1.		1.
0.0265021082	1.		1.		1.		1.
0.027825594	1.		1.		1.		1.
0.0292151732	1.		1.		1.		1.
0.0306741465	1.		1.		1.		1.
0.0322059792	1.		1.		1.		1.
0.0338143099	1.		1.		1.		1.
0.0355029589	1.		1.		1.		1.
0.0372759372	1.		1.		1.		1.
0.039137456	1.		1.		1.		1.
0.041091937	1.		1.		1.		1.
0.0431440226	1.		1.		0.938836444	1.
0.0452985871	1.		1.		0.851798641	1.
0.0475607481	1.		1.		0.772823361	1.
0.0499358789	1.		1.		0.701180521	1.
0.0524296212	1.		1.		0.636196274	1.
0.0550478981	0.959333953	1.		0.577289372	1.
0.0577969288	0.870579145	1.		0.523801047	1.
0.0606832431	0.790067183	1.		0.475299836	1.
0.0637136968	0.717092741	1.		0.431338186	0.998821017
0.0668954879	0.650834437	1.		0.391407523	0.906344372
0.0702361741	0.590729655	1.		0.355188181	0.8225066
0.0737436904	0.536161354	0.981508946	0.322364283	0.746455817
0.0774263683	0.486747451	0.890640652	0.292556354	0.677461218
0.0812929549	0.441880995	0.808470161	0.265521937	0.614882573
0.0853526346	0.401180329	0.733934726	0.24101126	0.558112754
0.0896150502	0.364263764	0.666294492	0.218766299	0.506650578
0.0940903261	0.330771596	0.604958584	0.19859256	0.4598876
0.0987890922	0.300389495	0.549319458	0.180291931	0.417522815
0.10372251	0.272829004	0.498845922	0.163691121	0.379068848
0.108902296	0.247827507	0.453061556	0.148632107	0.344190996
0.114340756	0.225147888	0.411527838	0.13497143	0.31258497
0.120050806	0.204574687	0.373849195	0.122578259	0.283858319
0.126046009	0.185911064	0.339673983	0.111337251	0.257825337
0.132340607	0.168980821	0.308668936	0.101139167	0.234212411
0.138949549	0.153623081	0.280542515	0.0918882016	0.212789568
0.145888535	0.139691248	0.255028598	0.0834994344	0.193355254
0.153174046	0.127052991	0.231884129	0.0758880013	0.175738842
0.160823388	0.115588193	0.210888895	0.0689786283	0.159734928
0.168854729	0.105187923	0.191842986	0.0627170549	0.145231077
0.177287146	0.0957533063	0.174565338	0.0570316985	0.13207166
0.186140669	0.08719458	0.15889198	0.0518788209	0.120130948
0.195436327	0.0794304117	0.144673733	0.0472001775	0.109301964
0.205196199	0.0723869465	0.131775563	0.0429582309	0.099477501
0.215443469	0.0659973438	0.120074349	0.0391105922	0.0905742664
0.226202476	0.0602006352	0.109459654	0.0356208455	0.0824834877
0.237498776	0.0549418733	0.0998299098	0.0324515761	0.075151176
0.2493592	0.0501710248	0.0910936658	0.0295785844	0.068493428
0.261811921	0.0458425647	0.0831683338	0.0269722638	0.0624606459
0.274886517	0.0419156571	0.0759775262	0.02460784	0.0569818349
0.288614044	0.0383526427	0.0694537862	0.0224628397	0.0520161517
0.303027108	0.0351197066	0.0635348012	0.0205168789	0.0475071648
0.318159945	0.032186123	0.0581641646	0.0187514705	0.0434185362
0.334048498	0.02952391	0.0532908565	0.0171498511	0.039709432
0.350730509	0.0271077924	0.0488684774	0.015696825	0.036344751
0.3682456	0.0249146382	0.0448550702	0.014378626	0.0332925034
0.386635375	0.022923729	0.0412120733	0.013182793	0.030517823
0.405943516	0.0211158836	0.0379051547	0.0120956319	0.0280033072
0.426215883	0.0194739451	0.0349026217	0.0111112438	0.0257214348
0.44750063	0.0179744989	0.0321870038	0.0102168173	0.0236505322
0.469848313	0.0166186033	0.029709345	0.00940525931	0.0217709412
0.493312015	0.0153856463	0.0274579307	0.00866874212	0.0200648376
0.517947468	0.0142638147	0.0254112886	0.00800022399	0.0185160685
0.543813188	0.0132423498	0.0235499044	0.00739335444	0.0171100069
0.570970613	0.0123114516	0.0218560429	0.00684305906	0.0158334222
0.59948425	0.0114621902	0.0203135898	0.00634247293	0.014674365
0.629421827	0.0106864227	0.0189079145	0.00588815818	0.0136220635
0.660854452	0.00997673492	0.0176257342	0.00547580087	0.0126649117
0.693856788	0.00932636836	0.0164550108	0.00510156665	0.0117985158
0.728507224	0.00872917007	0.0153848428	0.00476203864	0.0110104632
0.764888064	0.00817953785	0.014405371	0.00445416895	0.0102959585
0.803085722	0.00767237017	0.0135076832	0.00417562896	0.00964858416
0.843190929	0.00720301214	0.012683717	0.00392301005	0.0090626486
0.885298946	0.00676719751	0.0119261541	0.00369482565	0.00853308341
0.92950979	0.00636098238	0.011228305	0.00348907105	0.00805534513
0.975928474	0.00598067767	0.0105839786	0.00330394501	0.00762531995
1.02466526	0.00562276676	0.00998736726	0.0031378025	0.00723923402
1.0758359	0.00528384493	0.00943286253	0.00298911525	0.00689428458
1.12956195	0.00496055905	0.00891502911	0.00285644187	0.00658545259
1.18597101	0.0046495865	0.00842853345	0.00273841081	0.00631067302
1.24519708	0.00434763898	0.00796811503	0.00263399591	0.00606689862
1.30738084	0.00405333765	0.00752637313	0.00254133929	0.00585130351
1.37266999	0.00375924364	0.00710354278	0.00245975585	0.00566136141
1.4412196	0.00346498093	0.00669253005	0.00238831671	0.00549495103
1.5131925	0.00316764702	0.00628925826	0.00232631422	0.0053504562
1.58875965	0.00286419832	0.00588992836	0.00227328523	0.00522682378
1.66810054	0.00255114447	0.005617134144	0.00222900675	0.0051235559
1.75140362	0.00225098407	0.00513188344	0.00219346818	0.00504064677
1.83886677	0.00198690834	0.0048020773	0.0021668422	0.00497851522
1.93069773	0.00176093585	0.00450089834	0.00214948578	0.00493800707
2.02711462	0.00157235529	0.00423033658	0.00214199384	0.00492051988
2.12834647	0.00141896764	0.00399305153	0.00214529698	0.00492822997
2.23463373	0.00129770618	0.00379211386	0.00216075425	0.00496430718
2.34622885	0.00120525689	0.00363218327	0.0021901675	0.00503294535
2.46339691	0.00113936844	0.00351920401	0.00223566136	0.00513907819
2.58641621	0.00109898263	0.00346148782	0.00229943666	0.00528779939
2.71557895	0.00108521736	0.00347146163	0.00238348675	0.00548369718
2.85119194	0.00110275913	0.00356892068	0.00248940216	0.00573039588
2.99357729	0.00116286956	0.00378681589	0.00261827612	0.00603033117
3.14307321	0.00129062643	0.00418121778	0.0027698874	0.00638395625
3.30003479	0.00154421562	0.00484677745	0.00294284506	0.00678658015
3.46483486	0.00206901843	0.00593184605	0.00312984398	0.00722073585
3.63786485	0.00321379906	0.00760744033	0.00331648301	0.00765444984
3.81953577	0.00520269386	0.0099943184	0.00348365421	0.00804276498
4.01027914	0.00699482475	0.0121308133	0.00361589257	0.0083498351
4.21054802	0.00819434798	0.0135731091	0.00370680619	0.00856089429
4.4208181	0.0087008588	0.0141946127	0.00375574663	0.00867449392
4.64158883	0.00850836613	0.0139839526	0.003763987	0.00869362011
4.87338461	0.00770534112	0.0130358494	0.00373696681	0.00863090399
5.11675602	0.00645679026	0.0115521755	0.00368442631	0.00850894245
5.37228112	0.00494986427	0.00977574867	0.00361464415	0.00834693655
5.64056686	0.00351607822	0.00811825899	0.00353377568	0.00815916219
5.92225049	0.00276881021	0.00719432215	0.00345008555	0.00796480127
6.21800109	0.00246901773	0.00673242857	0.0033693828	0.00777734431
6.52852114	0.00243001405	0.00659797593	0.00328659685	0.00758501304
6.85454822	0.00254336734	0.00664866562	0.0031986114	0.00738056128
7.19685673	0.0027315338	0.00679350819	0.00312911425	0.00721903969
7.55625975	0.00292107279	0.006986008	0.00311110539	0.00717717982
7.93361095	0.00299908031	0.00710966306	0.00314002874	0.00724440845
8.32980665	0.00291951738	0.00707612819	0.00318165828	0.00734116233
8.74578792	0.00280297009	0.00700757148	0.00323493133	0.00746496311
9.18254284	0.00278748798	0.00711064163	0.00333873749	0.00770615227
9.6411088	0.00299143786	0.0075293389	0.00348823997	0.00805341502
10.122575	0.00341985549	0.00814207604	0.00359401704	0.00829904407
10.6280852	0.00388273706	0.00865686727	0.0036202943	0.00836005482
11.1588399	0.00421619027	0.00901667694	0.00362709866	0.00837585269
11.7161		0.00425401561	0.00902503384	0.00360077689	0.00831473948
12.301189	0.00390106149	0.00853152906	0.00350759001	0.00809835274
12.9154967	0.00357687208	0.0081237049	0.00344824738	0.00796053193
13.5604822	0.00337644072	0.00797774856	0.00349988887	0.00808046817
14.2376776	0.00320666716	0.0078599562	0.00355884472	0.00821737535
14.9486913	0.00312353957	0.00777839504	0.00357140706	0.00824654535
15.6952123	0.00322453791	0.00794383278	0.00361439666	0.00834636193
16.4790138	0.00352057928	0.00825164542	0.00359649905	0.00830480697
17.3019574	0.00388931578	0.00856046858	0.0035312852	0.00815337885
18.1659979	0.00375860413	0.00847115003	0.00356427656	0.0082299883
19.0731876	0.00349540915	0.0082665018	0.0036268551	0.0083752872
20.0256814	0.00342742177	0.00814310089	0.00359204418	0.00829446334
21.0257416	0.00334813453	0.00808109054	0.0036113481	0.00833928384
22.0757437	0.00365721284	0.00844919676	0.00363351708	0.00839075426
23.1781818	0.00367467513	0.00841059426	0.00358706289	0.00828289728
24.3356744	0.0034550071	0.00818704963	0.00359793684	0.00830814532
25.5509709	0.00360862471	0.00838940904	0.00362718436	0.00837605164
26.826958	0.00355166502	0.00832436136	0.00362359184	0.00836771083
28.1666664	0.00344181073	0.00817527309	0.00359998095	0.00831289142
29.5732783	0.00359076402	0.00834981594	0.00361076078	0.00833792022
31.050135	0.00366596535	0.00847168471	0.0036438708	0.00841479197
32.6007441	0.00343792943	0.00817312638	0.00360093184	0.00831509925
34.228789	0.00359230399	0.00836816165	0.00362317867	0.00836675157
35.9381366	0.00353482007	0.00828017252	0.00360313066	0.00832020454
37.7328472	0.00358855673	0.00837692734	0.00363333743	0.00839033717
39.6171836	0.00352509455	0.00827662293	0.00360835545	0.00833233553
41.5956216	0.00359261039	0.00839127159	0.00364126619	0.00840874504
43.6728607	0.00353106694	0.00825176445	0.00358305528	0.00827359194
45.8538347	0.00363152446	0.00842378618	0.00363500624	0.00839421161
48.1437242	0.00349122333	0.00823365293	0.00360312173	0.00832018381
50.5479682	0.00358720402	0.00837414818	0.00363267408	0.00838879708
53.0722775	0.00354350757	0.00828114155	0.00359529068	0.0083020013
55.722648	0.00359643019	0.0083753609	0.00362586593	0.00837299063
58.505375	0.00350234181	0.00820016218	0.00356593625	0.00823384212
61.4270683	0.00379744539	0.00863952665	0.00366789301	0.00847056105
64.4946677	0.00346902892	0.00821132911	0.00360463824	0.00832370488
67.7154596	0.00349091082	0.0082237599	0.0035954129	0.00830228507
71.0970943	0.00358826431	0.00833756934	0.00360296444	0.0083198186
74.6476041	0.00355953517	0.008324322	0.00361623109	0.00835062105
78.3754224	0.00363005707	0.00839248964	0.00361143054	0.00833947526
82.2894037	0.00344667555	0.00819941181	0.00361541075	0.00834871643
86.3988449	0.00346039659	0.0082070222	0.00360904565	0.00833393804
90.7135071	0.00349290521	0.00825746211	0.00362134045	0.00836248371
95.2436387	0.00341225898	0.00814662005	0.00360247328	0.00831867821
100.		0.00355321997	0.00826595922	0.00357565431	0.00825640735
