    0.970626831    0.032531060
    0.962330759    0.032689981
    0.954105616    0.032849669
    0.945950806    0.033010144
    0.937865674    0.033171404
    0.925867379    0.033333443
    0.917953849    0.033496283
    0.910108030    0.033659913
    0.898464799    0.033824347
    0.890785515    0.033989582
    0.883171916    0.034155618
    0.875623345    0.034322474
    0.868139267    0.034490138
    0.860719204    0.034658629
    0.849707842    0.034827944
    0.842445314    0.034998074
    0.835244834    0.035169046
    0.824559391    0.035340853
    0.817511797    0.035513490
    0.810524404    0.035686977
    0.803596795    0.035861317
    0.796728313    0.036036506
    0.789918602    0.036212541
    0.779812992    0.036389444
    0.773147881    0.036567215
    0.766539693    0.036745843
    0.759988010    0.036925353
    0.750265300    0.037105739
    0.743852735    0.037287008
    0.737494946    0.037469149
    0.731191456    0.037652194
    0.721837163    0.037836131
    0.715667546    0.038020957
    0.709550738    0.038206697
    0.703486085    0.038393345
    0.694486260    0.038580891
    0.688550413    0.038769364
    0.682665288    0.038958762
    0.673931777    0.039149072
    0.668171585    0.039340321
    0.662460685    0.039532505
    0.656798542    0.039725628
    0.651184857    0.039919686
    0.642854095    0.040114701
    0.637359560    0.040310670
    0.631911993    0.040507581
    0.623827815    0.040705469
    0.618495822    0.040904310
    0.613209486    0.041104134
    0.607968330    0.041304938
    0.600190461    0.041506708
    0.595060587    0.041709475
    0.589974523    0.041913223
    0.584931970    0.042117976
    0.579932511    0.042323731
    0.572513282    0.042530477
    0.567619979    0.042738248
    0.562768459    0.042947032
    0.555568874    0.043156836
    0.550820351    0.043367650
    0.546112418    0.043579511
    0.541444719    0.043792404
    0.536816955    0.044006325
    0.529949307    0.044221304
    0.525419772    0.044437334
    0.520929039    0.044654407
    0.514264643    0.044872552
    0.509869158    0.045091763
    0.505511284    0.045312032
    0.501190603    0.045533389
    0.494778752    0.045755826
    0.490549833    0.045979351
    0.486357033    0.046203956
    0.482200116    0.046429671
    0.478078693    0.046656489
    0.966469884    0.046656489
    0.471962541    0.046884403
    0.958209395    0.046884403
    0.467928618    0.047113441
    0.950019479    0.047113441
    0.463929176    0.047343586
    0.941899538    0.047343586
    0.457994044    0.047574867
    0.933849037    0.047574867
    0.454079509    0.047807280
    0.925867379    0.047807280
    0.450198442    0.048040811
    0.914022505    0.048040811
    0.446350574    0.048275501
    0.902329206    0.048275501
    0.440640271    0.048511323
    0.894616902    0.048511323
    0.436874062    0.048748307
    0.886970520    0.048748307
    0.433140069    0.048986454
    0.875623345    0.048986454
    0.429437965    0.049225748
    0.868139267    0.049225748
    0.423944086    0.049466223
    0.860719204    0.049466223
    0.420320600    0.049707875
    0.853362560    0.049707875
    0.416728079    0.049950708
    0.846068799    0.049950708
    0.411396772    0.050194710
    0.835244834    0.050194710
    0.407880515    0.050439920
    0.828105927    0.050439920
    0.404394329    0.050686330
    0.817511797    0.050686330
    0.400937915    0.050933927
    0.810524404    0.050933927
    0.397511065    0.051182751
    0.803596795    0.051182751
    0.392425627    0.051432785
    0.793316185    0.051432785
    0.389071524    0.051684029
    0.786535621    0.051684029
    0.385746092    0.051936515
    0.779812992    0.051936515
    0.380811155    0.052190237
    0.773147881    0.052190237
    0.377556324    0.052445181
    0.766539693    0.052445181
    0.374329329    0.052701384
    0.756733179    0.052701384
    0.369540453    0.052958839
    0.750265300    0.052958839
    0.366381943    0.053217553
    0.740666986    0.053217553
    0.363250434    0.053477515
    0.734336436    0.053477515
    0.360145688    0.053738765
    0.724941909    0.053738765
    0.355538249    0.054001287
    0.718745768    0.054001287
    0.352499425    0.054265078
    0.712602556    0.054265078
    0.349486589    0.054530174
    0.706511915    0.054530174
    0.345015526    0.054796547
    0.700473249    0.054796547
    0.342066646    0.055064239
    0.694486260    0.055064239
    0.339142978    0.055333238
    0.685601532    0.055333238
    0.336244285    0.055603534
    0.679741621    0.055603534
    0.333370358    0.055875167
    0.671045542    0.055875167
    0.330521017    0.056148112
    0.665310025    0.056148112
    0.326292574    0.056422409
    0.659623563    0.056422409
    0.323503733    0.056698039
    0.651184857    0.056698039
    0.320738703    0.056975007
    0.645619094    0.056975007
    0.316635430    0.057253338
    0.640100956    0.057253338
    0.313929111    0.057533033
    0.634629905    0.057533033
    0.311245918    0.057814091
    0.629205704    0.057814091
    0.308585674    0.058096506
    0.623827815    0.058096506
    0.304637879    0.058380321
    0.615846992    0.058380321
    0.302034110    0.058665518
    0.610583305    0.058665518
    0.299452603    0.058952093
    0.602771997    0.058952093
    0.296893150    0.059240084
    0.597620010    0.059240084
    0.294355571    0.059529483
    0.592512131    0.059529483
    0.290589809    0.059820279
    0.584931970    0.059820279
    0.288106114    0.060112514
    0.579932511    0.060112514
    0.284420311    0.060406171
    0.574975729    0.060406171
    0.281989336    0.060701251
    0.572513282    0.060701251
    0.279579133    0.060997788
    0.565189004    0.060997788
    0.277189553    0.061295774
    0.557958424    0.061295774
    0.274820387    0.061595213
    0.553189516    0.061595213
    0.271304548    0.061896101
    0.548461318    0.061896101
    0.268985689    0.062198475
    0.541444719    0.062198475
    0.266686648    0.062502325
    0.536816955    0.062502325
    0.263274819    0.062807642
    0.532228708    0.062807642
    0.261024594    0.063114472
    0.527679682    0.063114472
    0.258793592    0.063422777
    0.523169577    0.063422777
    0.255482763    0.063732609
    0.518698037    0.063732609
    0.253299147    0.064043954
    0.512062192    0.064043954
    0.251134187    0.064356804
    0.507685542    0.064356804
    0.248987734    0.064671196
    0.501190603    0.064671196
    0.246859610    0.064987108
    0.496906877    0.064987108
    0.243701473    0.065304585
    0.490549833    0.065304585
    0.241618544    0.065623611
    0.486357033    0.065623611
    0.239553407    0.065944172
    0.482200116    0.065944172
    0.237505913    0.066266321
    0.478078693    0.066266321
    0.234467447    0.066590048
    0.473992497    0.066590048
    0.232463405    0.066915348
    0.469941258    0.066915348
    0.229489446    0.067242227
    0.463929176    0.067242227
    0.227527976    0.067570716
    0.459963948    0.067570716
    0.225583270    0.067900814
    0.454079509    0.067900814
    0.223655194    0.068232499
    0.450198442    0.068232499
    0.221743584    0.068565831
    0.446350574    0.068565831
    0.218906775    0.068900786
    0.440640271    0.068900786
    0.217035756    0.069237359
    0.436874062    0.069237359
    0.215180725    0.069575593
    0.433140069    0.069575593
    0.212427869    0.069915488
    0.429437965    0.069915488
    0.210612223    0.070257016
    0.425767511    0.070257016
    0.208812103    0.070600234
    0.422128439    0.070600234
    0.207027361    0.070945129
    0.416728079    0.070945129
    0.205257878    0.071291707
    0.413166255    0.071291707
    0.203503519    0.071639962
    0.407880515    0.071639962
    0.200900063    0.071989939
    0.404394329    0.071989939
    0.199182943    0.072341621
    0.400937915    0.072341621
    0.197480515    0.072695002
    0.397511065    0.072695002
    0.194954097    0.073050134
    0.394113511    0.073050134
    0.193287805    0.073406972
    0.390744984    0.073406972
    0.191635758    0.073765583
    0.387405246    0.073765583
    0.189997822    0.074125938
    0.382449090    0.074125938
    0.187567145    0.074488036
    0.377556324    0.074488036
    0.185963988    0.074851923
    0.374329329    0.074851923
    0.184374541    0.075217567
    0.371129870    0.075217567
    0.182798669    0.075585023
    0.366381943    0.075585023
    0.181236267    0.075954266
    0.363250434    0.075954266
    0.178917676    0.076325297
    0.360145688    0.076325297
    0.177388445    0.076698162
    0.357067466    0.076698162
    0.175872296    0.077072844
    0.354015589    0.077072844
    0.173622310    0.077449359
    0.350989789    0.077449359
    0.172138348    0.077827692
    0.346499473    0.077827692
    0.170667067    0.078207895
    0.343537927    0.078207895
    0.169208363    0.078589953
    0.339142978    0.078589953
    0.167762116    0.078973860
    0.336244285    0.078973860
    0.165615901    0.079359658
    0.333370358    0.079359658
    0.164200366    0.079747342
    0.329105496    0.079747342
    0.162796929    0.080136903
    0.326292574    0.080136903
    0.161405489    0.080528386
    0.323503733    0.080528386
    0.159340590    0.080921784
    0.320738703    0.080921784
    0.157978684    0.081317075
    0.317997336    0.081317075
    0.156628430    0.081714325
    0.315279365    0.081714325
    0.154624641    0.082113512
    0.311245918    0.082113512
    0.153303057    0.082514651
    0.307264090    0.082514651
    0.151992753    0.082917728
    0.304637879    0.082917728
    0.150693655    0.083322801
    0.302034110    0.083322801
    0.149405673    0.083729848
    0.299452603    0.083729848
    0.147494286    0.084138855
    0.295621634    0.084138855
    0.146233633    0.084549889
    0.293094933    0.084549889
    0.144362822    0.084962934
    0.290589809    0.084962934
    0.143128932    0.085377991
    0.288106114    0.085377991
    0.141905606    0.085795052
    0.285643637    0.085795052
    0.140692711    0.086214177
    0.281989336    0.086214177
    0.139490202    0.086635351
    0.279579133    0.086635351
    0.137705669    0.087058559
    0.276002437    0.087058559
    0.136528686    0.087483853
    0.273643404    0.087483853
    0.135361761    0.087911226
    0.271304548    0.087911226
    0.134204820    0.088340670
    0.268985689    0.088340670
    0.132487908    0.088772230
    0.266686648    0.088772230
    0.131355524    0.089205869
    0.264407188    0.089205869
    0.130232811    0.089641660
    0.262147278    0.089641660
    0.129119694    0.090079576
    0.258793592    0.090079576
    0.127467841    0.090519607
    0.256581634    0.090519607
    0.126378357    0.090961806
    0.253299147    0.090961806
    0.125298187    0.091406152
    0.251134187    0.091406152
    0.124227256    0.091852687
    0.247921392    0.091852687
    0.123165473    0.092301399
    0.245802373    0.092301399
    0.121589787    0.092752285
    0.243701473    0.092752285
    0.120550551    0.093205392
    0.241618544    0.093205392
    0.119520187    0.093660720
    0.239553407    0.093660720
    0.117991142    0.094118245
    0.237505913    0.094118245
    0.116982661    0.094578028
    0.234467447    0.094578028
    0.115982801    0.095040061
    0.232463405    0.095040061
    0.114991479    0.095504351
    0.229489446    0.095504351
    0.114008635    0.095970877
    0.227527976    0.095970877
    0.113034196    0.096439712
    0.225583270    0.096439712
    0.111588120    0.096910842
    0.223655194    0.096910842
    0.110634372    0.097384237
    0.220793918    0.097384237
    0.109688766    0.097859979
    0.218906775    0.097859979
    0.108285494    0.098338045
    0.217035756    0.098338045
    0.107359968    0.098818414
    0.215180725    0.098818414
    0.106442347    0.099301159
    0.213341549    0.099301159
    0.105532579    0.099786267
    0.210612223    0.099786267
    0.104630575    0.100273713
    0.208812103    0.100273713
    0.103736289    0.100763567
    0.206140727    0.100763567
    0.102409154    0.101255797
    0.204378828    0.101255797
    0.101533853    0.101750441
    0.202631980    0.101750441
    0.100666031    0.102247506
    0.200039655    0.102247506
    0.099378191    0.102746993
    0.198329896    0.102746993
    0.098528795    0.103248917
    0.196634755    0.103248917
    0.097686663    0.103753306
    0.195792630    0.103753306
    0.096851721    0.104260147
    0.193287805    0.104260147
    0.096023925    0.104769461
    0.190815032    0.104769461
    0.094795465    0.105281264
    0.189184114    0.105281264
    0.093985237    0.105795585
    0.187567145    0.105795585
    0.093181938    0.106312394
    0.185167551    0.106312394
    0.092385501    0.106831737
    0.183584914    0.106831737
    0.091203593    0.107353628
    0.182015792    0.107353628
    0.090424068    0.107878059
    0.180460081    0.107878059
    0.089651205    0.108405061
    0.178917676    0.108405061
    0.088504277    0.108934626
    0.177388445    0.108934626
    0.087747820    0.109466776
    0.175119072    0.109466776
    0.086997837    0.110001542
    0.173622310    0.110001542
    0.086254254    0.110538900
    0.171401128    0.110538900
    0.085517034    0.111078903
    0.169936150    0.111078903
    0.084786110    0.111621529
    0.167762116    0.111621529
    0.083701424    0.112166807
    0.166328236    0.112166807
    0.082986020    0.112714760
    0.164906606    0.112714760
    0.082276724    0.113265380
    0.163497135    0.113265380
    0.081224144    0.113818683
    0.162099719    0.113818683
    0.080529913    0.114374690
    0.160714224    0.114374690
    0.079841614    0.114933431
    0.158658177    0.114933431
    0.079159200    0.115494892
    0.157302111    0.115494892
    0.078482620    0.116059087
    0.155289710    0.116059087
    0.077811822    0.116626054
    0.153962433    0.116626054
    0.077146754    0.117195778
    0.152646497    0.117195778
    0.076159798    0.117768288
    0.151341811    0.117768288
    0.075508855    0.118343607
    0.149405673    0.118343607
    0.074863471    0.118921719
    0.148128688    0.118921719
    0.073905729    0.119502671
    0.146862611    0.119502671
    0.073274046    0.120086446
    0.145607367    0.120086446
    0.072647765    0.120673075
    0.144362822    0.120673075
    0.072026841    0.121262588
    0.142515957    0.121262588
    0.071411215    0.121854961
    0.141297862    0.121854961
    0.070800856    0.122450240
    0.139490202    0.122450240
    0.069895089    0.123048417
    0.138297960    0.123048417
    0.069297686    0.123649515
    0.137115926    0.123649515
    0.068705395    0.124253564
    0.135361761    0.124253564
    0.068118162    0.124860547
    0.134204820    0.124860547
    0.067246713    0.125470504
    0.133057758    0.125470504
    0.066671945    0.126083449
    0.132487908    0.126083449
    0.066102095    0.126699373
    0.130792961    0.126699373
    0.065537117    0.127318293
    0.129119694    0.127318293
    0.064976960    0.127940252
    0.128016099    0.127940252
    0.064421594    0.128565267
    0.126378357    0.128565267
    0.063597441    0.129193306
    0.125298187    0.129193306
    0.063053861    0.129824430
    0.124227256    0.129824430
    0.062514938    0.130458638
    0.123165473    0.130458638
    0.061980616    0.131095931
    0.122112766    0.131095931
    0.061187685    0.131736353
    0.121069051    0.131736353
    0.060664706    0.132379889
    0.120034263    0.132379889
    0.060146198    0.133026585
    0.118498638    0.133026585
    0.059632123    0.133676425
    0.116982661    0.133676425
    0.059122439    0.134329438
    0.115982801    0.134329438
    0.058617115    0.134985670
    0.114499003    0.134985670
    0.057867214    0.135645077
    0.113520369    0.135645077
    0.057372618    0.136307701
    0.112550102    0.136307701
    0.056882247    0.136973590
    0.111588120    0.136973590
    0.056154542    0.137642711
    0.110634372    0.137642711
    0.055674583    0.138315111
    0.109688766    0.138315111
    0.055198725    0.138990805
    0.108751245    0.138990805
    0.054726936    0.139669776
    0.107359968    0.139669776
    0.054259181    0.140352070
    0.106442347    0.140352070
    0.053795408    0.141037703
    0.105080612    0.141037703
    0.053107191    0.141726688
    0.104182474    0.141726688
    0.052653279    0.142419025
    0.102849633    0.142419025
    0.052203245    0.143114761
    0.101970568    0.143114761
    0.051757071    0.143813893
    0.101099014    0.143813893
    0.051094934    0.144516438
    0.100234911    0.144516438
    0.050658219    0.145222425
    0.099378191    0.145222425
    0.050225239    0.145931840
    0.098528795    0.145931840
    0.049795959    0.146644726
    0.097268298    0.146644726
    0.049370348    0.147361115
    0.096436933    0.147361115
    0.048948374    0.148080975
    0.095203198    0.148080975
    0.048530009    0.148804381
    0.094389483    0.148804381
    0.047909152    0.149531290
    0.093582727    0.149531290
    0.047499668    0.150261760
    0.092385501    0.150261760
    0.047093686    0.150995821
    0.091595873    0.150995821
    0.046691168    0.151733443
    0.090812996    0.151733443
    0.046093840    0.152474687
    0.090036809    0.152474687
    0.045699872    0.153219521
    0.089267254    0.153219521
    0.045309257    0.153968006
    0.088504277    0.153968006
    0.044921994    0.154720172
    0.087372027    0.154720172
    0.044538040    0.155475989
    0.086625248    0.155475989
    0.044157371    0.156235516
    0.085517034    0.156235516
    0.043779954    0.156998739
    0.084786110    0.156998739
    0.043405760    0.157765672
    0.084061429    0.157765672
    0.042850461    0.158536389
    0.082986020    0.158536389
    0.042484213    0.159310848
    0.082276724    0.159310848
    0.042121097    0.160089090
    0.081573501    0.160089090
    0.041582234    0.160871133
    0.080876283    0.160871133
    0.041226827    0.161657020
    0.080185026    0.161657020
    0.040874455    0.162446722
    0.079159200    0.162446722
    0.040525097    0.163240284
    0.078482620    0.163240284
    0.040178727    0.164037734
    0.077478573    0.164037734
    0.039835315    0.164839074
    0.076816358    0.164839074
    0.039494839    0.165644318
    0.076159798    0.165644318
    0.039157271    0.166453511
    0.075185470    0.166453511
    0.038656324    0.167266652
    0.074542850    0.167266652
    0.038325924    0.168083757
    0.073905729    0.168083757
    0.037998348    0.168904871
    0.073274046    0.168904871
    0.037673574    0.169729978
    0.072647765    0.169729978
    0.037351575    0.170559123
    0.071718365    0.170559123
    0.037032325    0.171392307
    0.071105383    0.171392307
    0.036715806    0.172229588
    0.070195720    0.172229588
    0.036246095    0.173070937
    0.069595747    0.173070937
    0.035936296    0.173916399
    0.069000907    0.173916399
    0.035629142    0.174766004
    0.068118162    0.174766004
    0.035324618    0.175619751
    0.067535952    0.175619751
    0.034872703    0.176477656
    0.066958711    0.176477656
    0.034574643    0.177339762
    0.066386409    0.177339762
    0.034279127    0.178206101
    0.065818995    0.178206101
    0.033986140    0.179076642
    0.064976960    0.179076642
    0.033695657    0.179951444
    0.064421594    0.179951444
    0.033407658    0.180830538
    0.063597441    0.180830538
    0.033122119    0.181713894
    0.063053861    0.181713894
    0.032839023    0.182601586
    0.062514938    0.182601586
    0.032418903    0.183493629
    0.061715171    0.183493629
    0.032141816    0.184389994
    0.061450861    0.184389994
    0.031867098    0.185290754
    0.060664706    0.185290754
    0.031594727    0.186195925
    0.060146198    0.186195925
    0.031324685    0.187105507
    0.059632123    0.187105507
    0.031056948    0.188019514
    0.058869235    0.188019514
    0.030791501    0.188938007
    0.058366075    0.188938007
    0.030528322    0.189861000
    0.057619385    0.189861000
    0.030267393    0.190788478
    0.057126906    0.190788478
    0.030008696    0.191720486
    0.056638636    0.191720486
    0.029624788    0.192657083
    0.056154542    0.192657083
    0.029371582    0.193598211
    0.055436142    0.193598211
    0.029120540    0.194543973
    0.054962326    0.194543973
    0.028871644    0.195494339
    0.054726936    0.195494339
    0.028624875    0.196449339
    0.054026805    0.196449339
    0.028380215    0.197409019
    0.053335611    0.197409019
    0.028137647    0.198373377
    0.052879747    0.198373377
    0.027897151    0.199342459
    0.052203245    0.199342459
    0.027658712    0.200316265
    0.051757071    0.200316265
    0.027422309    0.201294810
    0.051314700    0.201294810
    0.027071491    0.202278182
    0.050658219    0.202278182
    0.026840108    0.203266323
    0.050225239    0.203266323
    0.026610702    0.204259276
    0.049795959    0.204259276
    0.026383258    0.205257088
    0.049582697    0.205257088
    0.026157757    0.206259817
    0.048948374    0.206259817
    0.025934184    0.207267404
    0.048322167    0.207267404
    0.025712522    0.208279908
    0.047909152    0.208279908
    0.025492756    0.209297404
    0.047296241    0.209297404
    0.025274865    0.210319817
    0.046891995    0.210319817
    0.025058839    0.211347252
    0.046491206    0.211347252
    0.024738256    0.212379709
    0.045896433    0.212379709
    0.024526816    0.213417202
    0.045504149    0.213417202
    0.024317183    0.214459777
    0.045115210    0.214459777
    0.024109341    0.215507418
    0.044729605    0.215507418
    0.023903277    0.216560185
    0.044347297    0.216560185
    0.023698973    0.217618123
    0.043779954    0.217618123
    0.023496415    0.218681201
    0.043405760    0.218681201
    0.023295589    0.219749495
    0.042850461    0.219749495
    0.023096479    0.220822975
    0.042484213    0.220822975
    0.022899071    0.221901715
    0.041940704    0.221901715
    0.022703350    0.222985744
    0.041582234    0.222985744
    0.022509303    0.224075034
    0.041226827    0.224075034
    0.022221336    0.225169659
    0.040874455    0.225169659
    0.022031408    0.226269647
    0.040525097    0.226269647
    0.021843104    0.227374986
    0.040006652    0.227374986
    0.021656409    0.228485718
    0.039664712    0.228485718
    0.021471309    0.229601875
    0.039157271    0.229601875
    0.021287791    0.230723530
    0.038822591    0.230723530
    0.021105843    0.231850624
    0.038325924    0.231850624
    0.020925444    0.232983217
    0.037998348    0.232983217
    0.020746591    0.234121382
    0.037673574    0.234121382
    0.020569269    0.235265076
    0.037351575    0.235265076
    0.020393461    0.236414358
    0.037032325    0.236414358
    0.020219155    0.237569258
    0.036715806    0.237569258
    0.020046346    0.238729820
    0.036246095    0.238729820
    0.019875007    0.239896029
    0.035782389    0.239896029
    0.019705134    0.241067931
    0.035476554    0.241067931
    0.019536711    0.242245600
    0.035173330    0.242245600
    0.019369729    0.243428975
    0.034723353    0.243428975
    0.019204175    0.244618133
    0.034426566    0.244618133
    0.019040035    0.245813131
    0.033986140    0.245813131
    0.018877298    0.247013941
    0.033695657    0.247013941
    0.018715952    0.248220652
    0.033407658    0.248220652
    0.018555984    0.249433219
    0.033122119    0.249433219
    0.018397385    0.250651717
    0.032839023    0.250651717
    0.018240141    0.251876205
    0.032418903    0.251876205
    0.018162023    0.253106624
    0.032004163    0.253106624
    0.018006790    0.254343092
    0.031730618    0.254343092
    0.017852884    0.255585581
    0.031324685    0.255585581
    0.017700288    0.256834120
    0.031056948    0.256834120
    0.017549003    0.258088797
    0.030791501    0.258088797
    0.017399009    0.259349585
    0.030528322    0.259349585
    0.017176419    0.260616511
    0.030267393    0.260616511
    0.017029611    0.261889666
    0.030008696    0.261889666
    0.016884059    0.263169020
    0.029624788    0.263169020
    0.016811749    0.264454603
    0.029245792    0.264454603
    0.016668057    0.265746474
    0.028995825    0.265746474
    0.016525593    0.267044693
    0.028624875    0.267044693
    0.016384346    0.268349200
    0.028380215    0.268349200
    0.016244309    0.269660115
    0.028017141    0.269660115
    0.016105467    0.270977437
    0.027777676    0.270977437
    0.015967812    0.272301197
    0.027540257    0.272301197
    0.015831333    0.273631424
    0.027304867    0.273631424
    0.015696021    0.274968117
    0.027071491    0.274968117
    0.015561866    0.276311368
    0.026725158    0.276311368
    0.015495218    0.277661204
    0.026383258    0.277661204
    0.015362780    0.279017568
    0.026157757    0.279017568
    0.015231472    0.280380636
    0.025823116    0.280380636
    0.015101288    0.281750292
    0.025602402    0.281750292
    0.014972215    0.283126652
    0.025274865    0.283126652
    0.014844246    0.284509778
    0.025058839    0.284509778
    0.014717370    0.285899639
    0.024844659    0.285899639
    0.014591580    0.287296265
    0.024632309    0.287296265
    0.014466864    0.288699716
    0.024421774    0.288699716
    0.014343214    0.290110081
    0.024109341    0.290110081
    0.014281786    0.291527271
    0.023800906    0.291527271
    0.014159719    0.292951405
    0.023597477    0.292951405
    0.014038694    0.294382513
    0.023295589    0.294382513
    0.013978570    0.295820594
    0.023096479    0.295820594
    0.013859094    0.297265679
    0.022801001    0.297265679
    0.013740639    0.298717886
    0.022606118    0.298717886
    0.013623197    0.300177127
    0.022412902    0.300177127
    0.013506757    0.301643491
    0.022221336    0.301643491
    0.013391314    0.303117096
    0.022031408    0.303117096
    0.013276857    0.304597825
    0.021749556    0.304597825
    0.013219995    0.306085795
    0.021471309    0.306085795
    0.013107003    0.307581037
    0.021196622    0.307581037
    0.012994977    0.309083641
    0.021015447    0.309083641
    0.012939323    0.310593516
    0.020746591    0.310593516
    0.012828729    0.312110782
    0.020481175    0.312110782
    0.012719080    0.313635498
    0.020306122    0.313635498
    0.012610369    0.315167636
    0.020132562    0.315167636
    0.012502587    0.316707253
    0.019960493    0.316707253
    0.012395727    0.318254411
    0.019789888    0.318254411
    0.012342638    0.319809079
    0.019536711    0.319809079
    0.012289778    0.321371377
    0.019286774    0.321371377
    0.012184736    0.322941333
    0.019040035    0.322941333
    0.012080592    0.324518919
    0.018796451    0.324518919
    0.012028854    0.326104224
    0.018635796    0.326104224
    0.011926043    0.327697277
    0.018476514    0.327697277
    0.011824110    0.329298079
    0.018240141    0.329298079
    0.011773470    0.330906749
    0.018084239    0.330906749
    0.011672841    0.332523227
    0.017852884    0.332523227
    0.011573073    0.334147662
    0.017700288    0.334147662
    0.011474156    0.335779995
    0.017473845    0.335779995
    0.011425016    0.337420315
    0.017250299    0.337420315
    0.011376086    0.339068651
    0.017029611    0.339068651
    0.011278853    0.340725005
    0.016884059    0.340725005
    0.011230549    0.342389494
    0.016668057    0.342389494
    0.011134560    0.344062090
    0.016454818    0.344062090
    0.011039392    0.345742851
    0.016314177    0.345742851
    0.010992114    0.347431839
    0.016174739    0.347431839
    0.010898163    0.349129081
    0.015967812    0.349129081
    0.010805015    0.350834608
    0.015831333    0.350834608
    0.010758740    0.352548480
    0.015628800    0.352548480
    0.010712664    0.354270697
    0.015428857    0.354270697
    0.010666784    0.356001347
    0.015231472    0.356001347
    0.010575614    0.357740432
    0.015036613    0.357740432
    0.010530321    0.359488040
    0.014844246    0.359488040
    0.010485223    0.361244172
    0.014654340    0.361244172
    0.010395605    0.363008887
    0.014529089    0.363008887
    0.010351083    0.364782214
    0.014343214    0.364782214
    0.010262611    0.366564214
    0.014220621    0.366564214
    0.010174896    0.368354917
    0.014099076    0.368354917
    0.010131320    0.370154351
    0.013859094    0.370154351
    0.010087930    0.371962607
    0.013681792    0.371962607
    0.010044727    0.373779684
    0.013448912    0.373779684
    0.010044727    0.375605613
    0.013276857    0.375605613
    0.010001708    0.377440482
    0.013107003    0.377440482
    0.009958873    0.379284322
    0.012939323    0.379284322
    0.009873753    0.381137133
    0.012773787    0.381137133
    0.009831467    0.382999033
    0.012664608    0.382999033
    0.009747436    0.384870023
    0.012556362    0.384870023
    0.009705691    0.386750132
    0.012395727    0.386750132
    0.009664124    0.388639450
    0.012184736    0.388639450
    0.009664124    0.390538007
    0.011977338    0.390538007
    0.009664124    0.392445832
    0.011773470    0.392445832
    0.009664124    0.394362926
    0.011573073    0.394362926
    0.009664124    0.396289438
    0.011376086    0.396289438
    0.009664124    0.398225367
    0.011182452    0.398225367
    0.009664124    0.400170714
    0.011039392    0.400170714
    0.009622735    0.402125597
    0.010805015    0.402125597
    0.009622735    0.404090017
    0.010666784    0.404090017
    0.009622735    0.406064034
    0.010575614    0.406064034
    0.010044727    0.408047676
    0.010131320    0.408047676
