    0.970626831    0.029366609
    0.958209395    0.029510070
    0.950019479    0.029654231
    0.941899538    0.029799089
    0.933849037    0.029944664
    0.921902120    0.030090949
    0.914022505    0.030237939
    0.906210244    0.030385658
    0.894616902    0.030534089
    0.886970520    0.030683253
    0.875623345    0.030833146
    0.868139267    0.030983763
    0.860719204    0.031135125
    0.853362560    0.031287216
    0.842445314    0.031440061
    0.835244834    0.031593651
    0.828105927    0.031747982
    0.817511797    0.031903077
    0.810524404    0.032058928
    0.803596795    0.032215543
    0.793316185    0.032372914
    0.786535621    0.032531060
    0.779812992    0.032689981
    0.773147881    0.032849669
    0.763256788    0.033010144
    0.756733179    0.033171404
    0.750265300    0.033333443
    0.743852735    0.033496283
    0.734336436    0.033659913
    0.728060007    0.033824347
    0.721837163    0.033989582
    0.715667546    0.034155618
    0.706511915    0.034322474
    0.700473249    0.034490138
    0.694486260    0.034658629
    0.688550413    0.034827944
    0.679741621    0.034998074
    0.673931777    0.035169046
    0.668171585    0.035340853
    0.662460685    0.035513490
    0.653985679    0.035686977
    0.648396015    0.035861317
    0.642854095    0.036036506
    0.637359560    0.036212541
    0.631911993    0.036389444
    0.623827815    0.036567215
    0.618495822    0.036745843
    0.613209486    0.036925353
    0.605364561    0.037105739
    0.600190461    0.037287008
    0.595060587    0.037469149
    0.589974523    0.037652194
    0.582426846    0.037836131
    0.577448785    0.038020957
    0.572513282    0.038206697
    0.567619979    0.038393345
    0.560358286    0.038580891
    0.555568874    0.038769364
    0.550820351    0.038958762
    0.543773532    0.039149072
    0.539125860    0.039340321
    0.534517884    0.039532505
    0.527679682    0.039725628
    0.523169577    0.039919686
    0.518698037    0.040114701
    0.514264643    0.040310670
    0.507685542    0.040507581
    0.503346264    0.040705469
    0.499044120    0.040904310
    0.492659748    0.041104134
    0.488448948    0.041304938
    0.484274119    0.041506708
    0.480134964    0.041709475
    0.473992497    0.041913223
    0.469941258    0.042117976
    0.465924621    0.042323731
    0.461942315    0.042530477
    0.456032574    0.042738248
    0.452134818    0.042947032
    0.448270380    0.043156836
    0.442535549    0.043367650
    0.438753128    0.043579511
    0.435003072    0.043792404
    0.431285053    0.044006325
    0.427598804    0.044221304
    0.422128439    0.044437334
    0.418520480    0.044654407
    0.414943337    0.044872552
    0.409634888    0.045091763
    0.406133682    0.045312032
    0.402662426    0.045533389
    0.399220824    0.045755826
    0.395808637    0.045979351
    0.390744984    0.046203956
    0.387405246    0.046429671
    0.384094059    0.046656489
    0.380811155    0.046884403
    0.375939369    0.047113441
    0.372726172    0.047343586
    0.367957801    0.047574867
    0.364812821    0.047807280
    0.361694723    0.048040811
    0.358603299    0.048275501
    0.355538249    0.048511323
    0.350989789    0.048748307
    0.347989827    0.048986454
    0.345015526    0.049225748
    0.340601653    0.049466223
    0.970626831    0.049466223
    0.337690502    0.049707875
    0.962330759    0.049707875
    0.334804237    0.049950708
    0.954105616    0.049950708
    0.330521017    0.050194710
    0.941899538    0.050194710
    0.327696025    0.050439920
    0.933849037    0.050439920
    0.324895173    0.050686330
    0.921902120    0.050686330
    0.322118253    0.050933927
    0.914022505    0.050933927
    0.317997336    0.051182751
    0.902329206    0.051182751
    0.315279365    0.051432785
    0.894616902    0.051432785
    0.312584639    0.051684029
    0.886970520    0.051684029
    0.308585674    0.051936515
    0.879389524    0.051936515
    0.305948168    0.052190237
    0.871873260    0.052190237
    0.303333193    0.052445181
    0.864421308    0.052445181
    0.299452603    0.052701384
    0.853362560    0.052701384
    0.296893150    0.052958839
    0.846068799    0.052958839
    0.294355571    0.053217553
    0.835244834    0.053217553
    0.291839689    0.053477515
    0.828105927    0.053477515
    0.288106114    0.053738765
    0.817511797    0.053738765
    0.285643637    0.054001287
    0.810524404    0.054001287
    0.283202201    0.054265078
    0.803596795    0.054265078
    0.280781657    0.054530174
    0.796728313    0.054530174
    0.277189553    0.054796547
    0.789918602    0.054796547
    0.274820387    0.055064239
    0.783167124    0.055064239
    0.272471458    0.055333238
    0.773147881    0.055333238
    0.270142615    0.055603534
    0.766539693    0.055603534
    0.267833680    0.055875167
    0.756733179    0.055875167
    0.264407188    0.056148112
    0.750265300    0.056148112
    0.262147278    0.056422409
    0.743852735    0.056422409
    0.259906679    0.056698039
    0.734336436    0.056698039
    0.257685244    0.056975007
    0.728060007    0.056975007
    0.254388601    0.057253338
    0.721837163    0.057253338
    0.252214372    0.057533033
    0.715667546    0.057533033
    0.250058651    0.057814091
    0.709550738    0.057814091
    0.246859610    0.058096506
    0.700473249    0.058096506
    0.244749680    0.058380321
    0.694486260    0.058380321
    0.242657781    0.058665518
    0.685601532    0.058665518
    0.240583748    0.058952093
    0.679741621    0.058952093
    0.238527462    0.059240084
    0.673931777    0.059240084
    0.235475928    0.059529483
    0.665310025    0.059529483
    0.233463287    0.059820279
    0.659623563    0.059820279
    0.231467828    0.060112514
    0.653985679    0.060112514
    0.228506610    0.060406171
    0.648396015    0.060406171
    0.226553530    0.060701251
    0.642854095    0.060701251
    0.224617153    0.060997788
    0.634629905    0.060997788
    0.222697333    0.061295774
    0.629205704    0.061295774
    0.219848320    0.061595213
    0.623827815    0.061595213
    0.217969254    0.061896101
    0.615846992    0.061896101
    0.216106251    0.062198475
    0.610583305    0.062198475
    0.214259163    0.062502325
    0.605364561    0.062502325
    0.211518109    0.062807642
    0.600190461    0.062807642
    0.209710240    0.063114472
    0.592512131    0.063114472
    0.207917824    0.063422777
    0.587447822    0.063422777
    0.205257878    0.063732609
    0.582426846    0.063732609
    0.203503519    0.064043954
    0.577448785    0.064043954
    0.201764166    0.064356804
    0.570061386    0.064356804
    0.200039655    0.064671196
    0.565189004    0.064671196
    0.198329896    0.064987108
    0.557958424    0.064987108
    0.195792630    0.065304585
    0.553189516    0.065304585
    0.194119170    0.065623611
    0.548461318    0.065623611
    0.192460015    0.065944172
    0.543773532    0.065944172
    0.189997822    0.066266321
    0.539125860    0.066266321
    0.188373893    0.066590048
    0.534517884    0.066590048
    0.185963988    0.066915348
    0.529949307    0.066915348
    0.184374541    0.067242227
    0.523169577    0.067242227
    0.182798669    0.067570716
    0.518698037    0.067570716
    0.181236267    0.067900814
    0.512062192    0.067900814
    0.179687217    0.068232499
    0.507685542    0.068232499
    0.177388445    0.068565831
    0.503346264    0.068565831
    0.175872296    0.068900786
    0.496906877    0.068900786
    0.174369097    0.069237359
    0.492659748    0.069237359
    0.172878742    0.069575593
    0.488448948    0.069575593
    0.170667067    0.069915488
    0.484274119    0.069915488
    0.169208363    0.070257016
    0.480134964    0.070257016
    0.167762116    0.070600234
    0.473992497    0.070600234
    0.166328236    0.070945129
    0.469941258    0.070945129
    0.164906606    0.071291707
    0.465924621    0.071291707
    0.163497135    0.071639962
    0.459963948    0.071639962
    0.161405489    0.071989939
    0.456032574    0.071989939
    0.160025939    0.072341621
    0.452134818    0.072341621
    0.158658177    0.072695002
    0.446350574    0.072695002
    0.156628430    0.073050134
    0.442535549    0.073050134
    0.155289710    0.073406972
    0.438753128    0.073406972
    0.153962433    0.073765583
    0.435003072    0.073765583
    0.152646497    0.074125938
    0.431285053    0.074125938
    0.150693655    0.074488036
    0.425767511    0.074488036
    0.149405673    0.074851923
    0.422128439    0.074851923
    0.148128688    0.075217567
    0.418520480    0.075217567
    0.146862611    0.075585023
    0.413166255    0.075585023
    0.145607367    0.075954266
    0.409634888    0.075954266
    0.143744558    0.076325297
    0.406133682    0.076325297
    0.142515957    0.076698162
    0.402662426    0.076698162
    0.141297862    0.077072844
    0.399220824    0.077072844
    0.139490202    0.077449359
    0.395808637    0.077449359
    0.138297960    0.077827692
    0.390744984    0.077827692
    0.137115926    0.078207895
    0.387405246    0.078207895
    0.135943979    0.078589953
    0.382449090    0.078589953
    0.134782046    0.078973860
    0.379180253    0.078973860
    0.133057758    0.079359658
    0.375939369    0.079359658
    0.131920502    0.079747342
    0.371129870    0.079747342
    0.130792961    0.080136903
    0.367957801    0.080136903
    0.129675061    0.080528386
    0.364812821    0.080528386
    0.128016099    0.080921784
    0.361694723    0.080921784
    0.126921922    0.081317075
    0.358603299    0.081317075
    0.125837117    0.081714325
    0.355538249    0.081714325
    0.124761574    0.082113512
    0.350989789    0.082113512
    0.123165473    0.082514651
    0.347989827    0.082514651
    0.122112766    0.082917728
    0.343537927    0.082917728
    0.121069051    0.083322801
    0.340601653    0.083322801
    0.120034263    0.083729848
    0.337690502    0.083729848
    0.118498638    0.084138855
    0.334804237    0.084138855
    0.117485821    0.084549889
    0.330521017    0.084549889
    0.116481654    0.084962934
    0.327696025    0.084962934
    0.114991479    0.085377991
    0.324895173    0.085377991
    0.114008635    0.085795052
    0.322118253    0.085795052
    0.113034196    0.086214177
    0.317997336    0.086214177
    0.112068079    0.086635351
    0.315279365    0.086635351
    0.110634372    0.087058559
    0.312584639    0.087058559
    0.109688766    0.087483853
    0.308585674    0.087483853
    0.108751245    0.087911226
    0.305948168    0.087911226
    0.107821733    0.088340670
    0.303333193    0.088340670
    0.106442347    0.088772230
    0.300740570    0.088772230
    0.105532579    0.089205869
    0.298170120    0.089205869
    0.104630575    0.089641660
    0.295621634    0.089641660
    0.103736289    0.090079576
    0.291839689    0.090079576
    0.102849633    0.090519607
    0.289345294    0.090519607
    0.101533853    0.090961806
    0.285643637    0.090961806
    0.100666031    0.091406152
    0.283202201    0.091406152
    0.099805631    0.091852687
    0.280781657    0.091852687
    0.098952584    0.092301399
    0.277189553    0.092301399
    0.098106824    0.092752285
    0.274820387    0.092752285
    0.096851721    0.093205392
    0.272471458    0.093205392
    0.096023925    0.093660720
    0.270142615    0.093660720
    0.095203198    0.094118245
    0.267833680    0.094118245
    0.093985237    0.094578028
    0.265544504    0.094578028
    0.093181938    0.095040061
    0.262147278    0.095040061
    0.092385501    0.095504351
    0.259906679    0.095504351
    0.091595873    0.095970877
    0.256581634    0.095970877
    0.090812996    0.096439712
    0.254388601    0.096439712
    0.090036809    0.096910842
    0.252214372    0.096910842
    0.088884950    0.097384237
    0.250058651    0.097384237
    0.088125236    0.097859979
    0.246859610    0.097859979
    0.087372027    0.098338045
    0.244749680    0.098338045
    0.086254254    0.098818414
    0.242657781    0.098818414
    0.085517034    0.099301159
    0.240583748    0.099301159
    0.084786110    0.099786267
    0.237505913    0.099786267
    0.084061429    0.100273713
    0.235475928    0.100273713
    0.083342955    0.100763567
    0.233463287    0.100763567
    0.082276724    0.101255797
    0.230476514    0.101255797
    0.081573501    0.101750441
    0.228506610    0.101750441
    0.080876283    0.102247506
    0.226553530    0.102247506
    0.080185026    0.102746993
    0.224617153    0.102746993
    0.079159200    0.103248917
    0.222697333    0.103248917
    0.078482620    0.103753306
    0.220793918    0.103753306
    0.077811822    0.104260147
    0.217969254    0.104260147
    0.076816358    0.104769461
    0.216106251    0.104769461
    0.076159798    0.105281264
    0.213341549    0.105281264
    0.075508855    0.105795585
    0.211518109    0.105795585
    0.074863471    0.106312394
    0.209710240    0.106312394
    0.074223608    0.106831737
    0.207027361    0.106831737
    0.073274046    0.107353628
    0.205257878    0.107353628
    0.072647765    0.107878059
    0.203503519    0.107878059
    0.072026841    0.108405061
    0.201764166    0.108405061
    0.071105383    0.108934626
    0.200039655    0.108934626
    0.070497639    0.109466776
    0.197480515    0.109466776
    0.069895089    0.110001542
    0.195792630    0.110001542
    0.069297686    0.110538900
    0.194119170    0.110538900
    0.068411149    0.111078903
    0.191635758    0.111078903
    0.067826428    0.111621529
    0.189997822    0.111621529
    0.067246713    0.112166807
    0.188373893    0.112166807
    0.066671945    0.112714760
    0.186763838    0.112714760
    0.066102095    0.113265380
    0.184374541    0.113265380
    0.065256439    0.113818683
    0.182798669    0.113818683
    0.064698681    0.114374690
    0.181236267    0.114374690
    0.064145699    0.114933431
    0.179687217    0.114933431
    0.063597441    0.115494892
    0.177388445    0.115494892
    0.063053861    0.116059087
    0.175872296    0.116059087
    0.062247202    0.116626054
    0.173622310    0.116626054
    0.061715171    0.117195778
    0.172138348    0.117195778
    0.061187685    0.117768288
    0.170667067    0.117768288
    0.060664706    0.118343607
    0.169208363    0.118343607
    0.059888609    0.118921719
    0.167762116    0.118921719
    0.059376735    0.119502671
    0.166328236    0.119502671
    0.058869235    0.120086446
    0.164906606    0.120086446
    0.058366075    0.120673075
    0.162796929    0.120673075
    0.057867214    0.121262588
    0.161405489    0.121262588
    0.057126906    0.121854961
    0.159340590    0.121854961
    0.056638636    0.122450240
    0.157978684    0.122450240
    0.056154542    0.123048417
    0.156628430    0.123048417
    0.055674583    0.123649515
    0.154624641    0.123649515
    0.055198725    0.124253564
    0.153303057    0.124253564
    0.054492556    0.124860547
    0.151992753    0.124860547
    0.054026805    0.125470504
    0.150693655    0.125470504
    0.053565018    0.126083449
    0.149405673    0.126083449
    0.053107191    0.126699373
    0.147494286    0.126699373
    0.052427780    0.127318293
    0.146233633    0.127318293
    0.051979672    0.127940252
    0.144362822    0.127940252
    0.051535413    0.128565267
    0.143128932    0.128565267
    0.051094934    0.129193306
    0.141905606    0.129193306
    0.050658219    0.129824430
    0.140090168    0.129824430
    0.050010137    0.130458638
    0.138892800    0.130458638
    0.049582697    0.131095931
    0.137705669    0.131095931
    0.049158908    0.131736353
    0.136528686    0.131736353
    0.048530009    0.132379889
    0.135361761    0.132379889
    0.048115216    0.133026585
    0.134204820    0.133026585
    0.047703970    0.133676425
    0.132487908    0.133676425
    0.047296241    0.134329438
    0.131355524    0.134329438
    0.046891995    0.134985670
    0.129675061    0.134985670
    0.046292096    0.135645077
    0.128566712    0.135645077
    0.045896433    0.136307701
    0.127467841    0.136307701
    0.045504149    0.136973590
    0.126378357    0.136973590
    0.045115210    0.137642711
    0.124761574    0.137642711
    0.044538040    0.138315111
    0.123695225    0.138315111
    0.044157371    0.138990805
    0.122637987    0.138990805
    0.043779954    0.139669776
    0.121589787    0.139669776
    0.043405760    0.140352070
    0.120034263    0.140352070
    0.042850461    0.141037703
    0.119008318    0.141037703
    0.042484213    0.141726688
    0.117991142    0.141726688
    0.042121097    0.142419025
    0.116481654    0.142419025
    0.041761085    0.143114761
    0.115486078    0.143114761
    0.041404147    0.143813893
    0.114499003    0.143813893
    0.040874455    0.144516438
    0.113520369    0.144516438
    0.040525097    0.145222425
    0.112550102    0.145222425
    0.040178727    0.145931840
    0.111588120    0.145931840
    0.039835315    0.146644726
    0.110160552    0.146644726
    0.039494839    0.147361115
    0.109219000    0.147361115
    0.039157271    0.148080975
    0.107821733    0.148080975
    0.038656324    0.148804381
    0.106900170    0.148804381
    0.038325924    0.149531290
    0.105986483    0.149531290
    0.037998348    0.150261760
    0.104630575    0.150261760
    0.037673574    0.150995821
    0.103736289    0.150995821
    0.037351575    0.151733443
    0.102849633    0.151733443
    0.036873728    0.152474687
    0.101970568    0.152474687
    0.036558565    0.153219521
    0.101099014    0.153219521
    0.036246095    0.153968006
    0.099805631    0.153968006
    0.035936296    0.154720172
    0.098952584    0.154720172
    0.035629142    0.155475989
    0.098106824    0.155475989
    0.035324618    0.156235516
    0.096851721    0.156235516
    0.034872703    0.156998739
    0.096023925    0.156998739
    0.034574643    0.157765672
    0.095203198    0.157765672
    0.034279127    0.158536389
    0.094389483    0.158536389
    0.033986140    0.159310848
    0.093181938    0.159310848
    0.033551350    0.160089090
    0.092385501    0.160089090
    0.033264581    0.160871133
    0.091595873    0.160871133
    0.032980267    0.161657020
    0.090812996    0.161657020
    0.032698382    0.162446722
    0.089651205    0.162446722
    0.032418903    0.163240284
    0.088884950    0.163240284
    0.032141816    0.164037734
    0.088125236    0.164037734
    0.031867098    0.164839074
    0.086997837    0.164839074
    0.031459413    0.165644318
    0.086254254    0.165644318
    0.031190528    0.166453511
    0.085517034    0.166453511
    0.030923940    0.167266652
    0.084786110    0.167266652
    0.030659629    0.168083757
    0.084061429    0.168083757
    0.030267393    0.168904871
    0.083342955    0.168904871
    0.030008696    0.169729978
    0.082276724    0.169729978
    0.029752208    0.170559123
    0.081573501    0.170559123
    0.029497914    0.171392307
    0.080529913    0.171392307
    0.029245792    0.172229588
    0.079841614    0.172229588
    0.028995825    0.173070937
    0.079159200    0.173070937
    0.028624875    0.173916399
    0.078146502    0.173916399
    0.028380215    0.174766004
    0.077478573    0.174766004
    0.028137647    0.175619751
    0.076816358    0.175619751
    0.027897151    0.176477656
    0.076159798    0.176477656
    0.027540257    0.177339762
    0.075508855    0.177339762
    0.027304867    0.178206101
    0.074542850    0.178206101
    0.027071491    0.179076642
    0.073905729    0.179076642
    0.026840108    0.179951444
    0.073274046    0.179951444
    0.026610702    0.180830538
    0.072336636    0.180830538
    0.026383258    0.181713894
    0.071718365    0.181713894
    0.026045732    0.182601586
    0.071105383    0.182601586
    0.025823116    0.183493629
    0.070195720    0.183493629
    0.025602402    0.184389994
    0.069595747    0.184389994
    0.025383577    0.185290754
    0.069000907    0.185290754
    0.025166621    0.186195925
    0.068411149    0.186195925
    0.024951519    0.187105507
    0.067826428    0.187105507
    0.024738256    0.188019514
    0.066958711    0.188019514
    0.024526816    0.188938007
    0.066386409    0.188938007
    0.024317183    0.189861000
    0.065537117    0.189861000
    0.024006087    0.190788478
    0.064976960    0.190788478
    0.023800906    0.191720486
    0.064421594    0.191720486
    0.023597477    0.192657083
    0.063870981    0.192657083
    0.023395786    0.193598211
    0.063325070    0.193598211
    0.023195820    0.194543973
    0.062783822    0.194543973
    0.022899071    0.195494339
    0.062247202    0.195494339
    0.022703350    0.196449339
    0.061450861    0.196449339
    0.022509303    0.197409019
    0.060925633    0.197409019
    0.022316914    0.198373377
    0.060146198    0.198373377
    0.022126168    0.199342459
    0.059632123    0.199342459
    0.021937054    0.200316265
    0.059122439    0.200316265
    0.021749556    0.201294810
    0.058366075    0.201294810
    0.021563660    0.202278182
    0.057867214    0.202278182
    0.021287791    0.203266323
    0.057372618    0.203266323
    0.021105843    0.204259276
    0.056882247    0.204259276
    0.020925444    0.205257088
    0.056396071    0.205257088
    0.020746591    0.206259817
    0.055674583    0.206259817
    0.020569269    0.207267404
    0.055198725    0.207267404
    0.020393461    0.208279908
    0.054492556    0.208279908
    0.020219155    0.209297404
    0.054026805    0.209297404
    0.020046346    0.210319817
    0.053565018    0.210319817
    0.019875007    0.211347252
    0.053107191    0.211347252
    0.019620743    0.212379709
    0.052427780    0.212379709
    0.019453041    0.213417202
    0.051979672    0.213417202
    0.019286774    0.214459777
    0.051535413    0.214459777
    0.019121928    0.215507418
    0.051094934    0.215507418
    0.018958492    0.216560185
    0.050658219    0.216560185
    0.018796451    0.217618123
    0.050010137    0.217618123
    0.018635796    0.218681201
    0.049582697    0.218681201
    0.018397385    0.219749495
    0.048948374    0.219749495
    0.018240141    0.220822975
    0.048530009    0.220822975
    0.018084239    0.221901715
    0.048115216    0.221901715
    0.017929671    0.222985744
    0.047703970    0.222985744
    0.017776426    0.224075034
    0.047296241    0.224075034
    0.017624484    0.225169659
    0.046691168    0.225169659
    0.017399009    0.226269647
    0.046292096    0.226269647
    0.017250299    0.227374986
    0.045896433    0.227374986
    0.017102858    0.228485718
    0.045309257    0.228485718
    0.016956680    0.229601875
    0.044921994    0.229601875
    0.016811749    0.230723530
    0.044538040    0.230723530
    0.016668057    0.231850624
    0.043968257    0.231850624
    0.016525593    0.232983217
    0.043592457    0.232983217
    0.016384346    0.234121382
    0.043219864    0.234121382
    0.016244309    0.235265076
    0.042850461    0.235265076
    0.016105467    0.236414358
    0.042484213    0.236414358
    0.015967812    0.237569258
    0.042121097    0.237569258
    0.015831333    0.238729820
    0.041582234    0.238729820
    0.015696021    0.239896029
    0.041226827    0.239896029
    0.015561866    0.241067931
    0.040699404    0.241067931
    0.015428857    0.242245600
    0.040351540    0.242245600
    0.015296984    0.243428975
    0.040006652    0.243428975
    0.015166240    0.244618133
    0.039494839    0.244618133
    0.015036613    0.245813131
    0.039157271    0.245813131
    0.014844246    0.247013941
    0.038822591    0.247013941
    0.014717370    0.248220652
    0.038490769    0.248220652
    0.014591580    0.249433219
    0.038161784    0.249433219
    0.014466864    0.250651717
    0.037673574    0.250651717
    0.014343214    0.251876205
    0.037351575    0.251876205
    0.014220621    0.253106624
    0.037032325    0.253106624
    0.014099076    0.254343092
    0.036558565    0.254343092
    0.013978570    0.255585581
    0.036246095    0.255585581
    0.013859094    0.256834120
    0.035936296    0.256834120
    0.013740639    0.258088797
    0.035476554    0.258088797
    0.013623197    0.259349585
    0.035173330    0.259349585
    0.013506757    0.260616511
    0.034872703    0.260616511
    0.013391314    0.261889666
    0.034574643    0.261889666
    0.013276857    0.263169020
    0.034279127    0.263169020
    0.013163378    0.264454603
    0.033840589    0.264454603
    0.013050869    0.265746474
    0.033551350    0.265746474
    0.012939323    0.267044693
    0.033122119    0.267044693
    0.012828729    0.268349200
    0.032839023    0.268349200
    0.012719080    0.269660115
    0.032558344    0.269660115
    0.012610369    0.270977437
    0.032280065    0.270977437
    0.012502587    0.272301197
    0.031867098    0.272301197
    0.012395727    0.273631424
    0.031594727    0.273631424
    0.012289778    0.274968117
    0.031324685    0.274968117
    0.012184736    0.276311368
    0.031056948    0.276311368
    0.012080592    0.277661204
    0.030659629    0.277661204
    0.011977338    0.279017568
    0.030397579    0.279017568
    0.011874967    0.280380636
    0.030008696    0.280380636
    0.011773470    0.281750292
    0.029752208    0.281750292
    0.011672841    0.283126652
    0.029497914    0.283126652
    0.011573073    0.284509778
    0.029245792    0.284509778
    0.011425016    0.285899639
    0.028871644    0.285899639
    0.011327364    0.287296265
    0.028624875    0.287296265
    0.011230549    0.288699716
    0.028380215    0.288699716
    0.011134560    0.290110081
    0.028137647    0.290110081
    0.011039392    0.291527271
    0.027777676    0.291527271
    0.010945037    0.292951405
    0.027540257    0.292951405
    0.010898163    0.294382513
    0.027187929    0.294382513
    0.010805015    0.295820594
    0.026955551    0.295820594
    0.010712664    0.297265679
    0.026725158    0.297265679
    0.010621101    0.298717886
    0.026496736    0.298717886
    0.010530321    0.300177127
    0.026157757    0.300177127
    0.010440318    0.301643491
    0.025934184    0.301643491
    0.010351083    0.303117096
    0.025712522    0.303117096
    0.010262611    0.304597825
    0.025492756    0.304597825
    0.010174896    0.306085795
    0.025166621    0.306085795
    0.010087930    0.307581037
    0.024951519    0.307581037
    0.010044727    0.309083641
    0.024632309    0.309083641
    0.009958873    0.310593516
    0.024421774    0.310593516
    0.009873753    0.312110782
    0.024213038    0.312110782
    0.009789362    0.313635498
    0.024006087    0.313635498
    0.009705691    0.315167636
    0.023698973    0.315167636
    0.009622735    0.316707253
    0.023496415    0.316707253
    0.009540489    0.318254411
    0.023295589    0.318254411
    0.009458945    0.319809079
    0.023096479    0.319809079
    0.009378099    0.321371377
    0.022801001    0.321371377
    0.009297943    0.322941333
    0.022606118    0.322941333
    0.009218473    0.324518919
    0.022316914    0.324518919
    0.009178992    0.326104224
    0.022126168    0.326104224
    0.009100539    0.327697277
    0.021937054    0.327697277
    0.009022756    0.329298079
    0.021656409    0.329298079
    0.008945637    0.330906749
    0.021471309    0.330906749
    0.008869178    0.332523227
    0.021287791    0.332523227
    0.008793372    0.334147662
    0.021105843    0.334147662
    0.008718214    0.335779995
    0.020925444    0.335779995
    0.008643699    0.337420315
    0.020657739    0.337420315
    0.008606681    0.339068651
    0.020393461    0.339068651
    0.008533118    0.340725005
    0.020219155    0.340725005
    0.008460185    0.342389494
    0.020046346    0.342389494
    0.008387875    0.344062090
    0.019789888    0.344062090
    0.008316183    0.345742851
    0.019620743    0.345742851
    0.008245103    0.347431839
    0.019453041    0.347431839
    0.008174632    0.349129081
    0.019286774    0.349129081
    0.008104762    0.350834608
    0.019121928    0.350834608
    0.008070052    0.352548480
    0.018877298    0.352548480
    0.008001076    0.354270697
    0.018715952    0.354270697
    0.007932690    0.356001347
    0.018476514    0.356001347
    0.007898717    0.357740432
    0.018318594    0.357740432
    0.007831206    0.359488040
    0.018084239    0.359488040
    0.007764271    0.361244172
    0.017929671    0.361244172
    0.007697910    0.363008887
    0.017776426    0.363008887
    0.007632115    0.364782214
    0.017624484    0.364782214
    0.007566882    0.366564214
    0.017399009    0.366564214
    0.007502208    0.368354917
    0.017250299    0.368354917
    0.007470077    0.370154351
    0.017102858    0.370154351
    0.007406230    0.371962607
    0.016884059    0.371962607
    0.007342928    0.373779684
    0.016739748    0.373779684
    0.007311481    0.375605613
    0.016525593    0.375605613
    0.007248988    0.377440482
    0.016384346    0.377440482
    0.007187031    0.379284322
    0.016174739    0.379284322
    0.007125603    0.381137133
    0.016036492    0.381137133
    0.007095085    0.382999033
    0.015899425    0.382999033
    0.007034443    0.384870023
    0.015763532    0.384870023
    0.006974319    0.386750132
    0.015628800    0.386750132
    0.006944450    0.388639450
    0.015428857    0.388639450
    0.006885095    0.390538007
    0.015231472    0.390538007
    0.006826248    0.392445832
    0.015101288    0.392445832
    0.006797012    0.394362926
    0.014908093    0.394362926
    0.006738918    0.396289438
    0.014780672    0.396289438
    0.006710057    0.398225367
    0.014591580    0.398225367
    0.006652705    0.400170714
    0.014466864    0.400170714
    0.006595844    0.402125597
    0.014343214    0.402125597
    0.006539469    0.404090017
    0.014220621    0.404090017
    0.006511462    0.406064034
    0.014038694    0.406064034
    0.006455808    0.408047676
    0.013918703    0.408047676
    0.006428159    0.410041034
    0.013740639    0.410041034
    0.006373217    0.412044138
    0.013623197    0.412044138
    0.006345923    0.414056987
    0.013448912    0.414056987
    0.006291683    0.416079700
    0.013276857    0.416079700
    0.006264738    0.418112308
    0.013163378    0.418112308
    0.006211192    0.420154810
    0.013050869    0.420154810
    0.006158105    0.422207296
    0.012883907    0.422207296
    0.006131731    0.424269825
    0.012773787    0.424269825
    0.006079323    0.426342398
    0.012664608    0.426342398
    0.006027362    0.428425133
    0.012502587    0.428425133
    0.006001549    0.430518061
    0.012395727    0.430518061
    0.005975846    0.432621181
    0.012237145    0.432621181
    0.005924770    0.434734553
    0.012080592    0.434734553
    0.005899395    0.436858267
    0.011977338    0.436858267
    0.005848973    0.438992381
    0.011824110    0.438992381
    0.005823923    0.441136867
    0.011723048    0.441136867
    0.005774145    0.443291873
    0.011622850    0.443291873
    0.005749417    0.445457369
    0.011474156    0.445457369
    0.005700276    0.447633475
    0.011376086    0.447633475
    0.005675863    0.449820220
    0.011230549    0.449820220
    0.005651555    0.452017605
    0.011086874    0.452017605
    0.005603251    0.454225779
    0.010992114    0.454225779
    0.005579253    0.456444681
    0.010851488    0.456444681
    0.005531567    0.458674461
    0.010712664    0.458674461
    0.005507877    0.460915148
    0.010621101    0.460915148
    0.005484288    0.463166744
    0.010530321    0.463166744
    0.005437413    0.465429366
    0.010395605    0.465429366
    0.005414126    0.467703044
    0.010306752    0.467703044
    0.005367851    0.469987810
    0.010174896    0.469987810
    0.005344862    0.472283721
    0.010087930    0.472283721
    0.005321972    0.474590868
    0.009958873    0.474590868
    0.005299179    0.476909310
    0.009831467    0.476909310
    0.005276484    0.479239047
    0.009705691    0.479239047
    0.005253886    0.481580168
    0.009581524    0.481580168
    0.005208981    0.483932734
    0.009499630    0.483932734
    0.005186672    0.486296773
    0.009378099    0.486296773
    0.005164459    0.488672376
    0.009297943    0.488672376
    0.005120318    0.491059572
    0.009178992    0.491059572
    0.005098389    0.493458450
    0.009100539    0.493458450
    0.005076554    0.495869070
    0.008984114    0.495869070
    0.005054813    0.498291403
    0.008869178    0.498291403
    0.005054813    0.500725627
    0.008755713    0.500725627
    0.005033164    0.503171682
    0.008643699    0.503171682
    0.005011609    0.505629718
    0.008533118    0.505629718
    0.004990146    0.508099794
    0.008423952    0.508099794
    0.004968774    0.510581851
    0.008316183    0.510581851
    0.004947494    0.513076127
    0.008245103    0.513076127
    0.004905208    0.515582561
    0.008139622    0.515582561
    0.004884197    0.518101215
    0.008070052    0.518101215
    0.004884197    0.520632207
    0.007932690    0.520632207
    0.004863279    0.523175538
    0.007831206    0.523175538
    0.004863279    0.525731325
    0.007731020    0.525731325
    0.004842451    0.528299510
    0.007632115    0.528299510
    0.004821713    0.530880332
    0.007534476    0.530880332
    0.004821713    0.533473730
    0.007438085    0.533473730
    0.004801062    0.536079764
    0.007311481    0.536079764
    0.004780501    0.538698554
    0.007248988    0.538698554
    0.004760027    0.541330159
    0.007156251    0.541330159
    0.004760027    0.543974578
    0.007064699    0.543974578
    0.004760027    0.546631992
    0.006944450    0.546631992
    0.004760027    0.549302280
    0.006826248    0.549302280
    0.004760027    0.551985681
    0.006710057    0.551985681
    0.004760027    0.554682195
    0.006624213    0.554682195
    0.004760027    0.557391882
    0.006511462    0.557391882
    0.004760027    0.560114801
    0.006400629    0.560114801
    0.004760027    0.562851012
    0.006318745    0.562851012
    0.004760027    0.565600574
    0.006211192    0.565600574
    0.004760027    0.568363607
    0.006105471    0.568363607
    0.004760027    0.571140110
    0.006027362    0.571140110
    0.004780501    0.573930144
    0.005874130    0.573930144
    0.004821713    0.576733887
    0.005749417    0.576733887
    0.004884197    0.579551280
    0.005579253    0.579551280
    0.004990146    0.582382441
    0.005367851    0.582382441
