    0.970626831    0.024521491
    0.962330759    0.024641283
    0.954105616    0.024761660
    0.941899538    0.024882618
    0.933849037    0.025004175
    0.925867379    0.025126318
    0.914022505    0.025249064
    0.906210244    0.025372410
    0.898464799    0.025496352
    0.886970520    0.025620906
    0.879389524    0.025746062
    0.871873260    0.025871836
    0.860719204    0.025998225
    0.853362560    0.026125224
    0.846068799    0.026252851
    0.835244834    0.026381100
    0.828105927    0.026509969
    0.821028054    0.026639475
    0.810524404    0.026769614
    0.803596795    0.026900388
    0.796728313    0.027031794
    0.786535621    0.027163850
    0.779812992    0.027296551
    0.773147881    0.027429890
    0.766539693    0.027563890
    0.756733179    0.027698545
    0.750265300    0.027833859
    0.743852735    0.027969824
    0.734336436    0.028106460
    0.728060007    0.028243767
    0.721837163    0.028381735
    0.712602556    0.028520385
    0.706511915    0.028659711
    0.700473249    0.028799711
    0.694486260    0.028940404
    0.685601532    0.029081782
    0.679741621    0.029223844
    0.673931777    0.029366609
    0.665310025    0.029510070
    0.659623563    0.029654231
    0.653985679    0.029799089
    0.645619094    0.029944664
    0.640100956    0.030090949
    0.634629905    0.030237939
    0.629205704    0.030385658
    0.621156096    0.030534089
    0.615846992    0.030683253
    0.610583305    0.030833146
    0.602771997    0.030983763
    0.597620010    0.031135125
    0.592512131    0.031287216
    0.587447822    0.031440061
    0.579932511    0.031593651
    0.574975729    0.031747982
    0.570061386    0.031903077
    0.562768459    0.032058928
    0.557958424    0.032215543
    0.553189516    0.032372914
    0.546112418    0.032531060
    0.541444719    0.032689981
    0.536816955    0.032849669
    0.532228708    0.033010144
    0.525419772    0.033171404
    0.520929039    0.033333443
    0.516476572    0.033496283
    0.512062192    0.033659913
    0.507685542    0.033824347
    0.501190603    0.033989582
    0.496906877    0.034155618
    0.492659748    0.034322474
    0.488448948    0.034490138
    0.482200116    0.034658629
    0.478078693    0.034827944
    0.473992497    0.034998074
    0.469941258    0.035169046
    0.463929176    0.035340853
    0.459963948    0.035513490
    0.456032574    0.035686977
    0.452134818    0.035861317
    0.446350574    0.036036506
    0.442535549    0.036212541
    0.438753128    0.036389444
    0.435003072    0.036567215
    0.429437965    0.036745843
    0.425767511    0.036925353
    0.422128439    0.037105739
    0.418520480    0.037287008
    0.413166255    0.037469149
    0.409634888    0.037652194
    0.406133682    0.037836131
    0.402662426    0.038020957
    0.397511065    0.038206697
    0.394113511    0.038393345
    0.390744984    0.038580891
    0.387405246    0.038769364
    0.382449090    0.038958762
    0.379180253    0.039149072
    0.375939369    0.039340321
    0.371129870    0.039532505
    0.367957801    0.039725628
    0.364812821    0.039919686
    0.361694723    0.040114701
    0.357067466    0.040310670
    0.354015589    0.040507581
    0.350989789    0.040705469
    0.346499473    0.040904310
    0.343537927    0.041104134
    0.340601653    0.041304938
    0.337690502    0.041506708
    0.333370358    0.041709475
    0.330521017    0.041913223
    0.327696025    0.042117976
    0.324895173    0.042323731
    0.322118253    0.042530477
    0.317997336    0.042738248
    0.315279365    0.042947032
    0.312584639    0.043156836
    0.309912950    0.043367650
    0.305948168    0.043579511
    0.303333193    0.043792404
    0.300740570    0.044006325
    0.298170120    0.044221304
    0.294355571    0.044437334
    0.291839689    0.044654407
    0.289345294    0.044872552
    0.285643637    0.045091763
    0.283202201    0.045312032
    0.280781657    0.045533389
    0.278381795    0.045755826
    0.274820387    0.045979351
    0.272471458    0.046203956
    0.270142615    0.046429671
    0.267833680    0.046656489
    0.264407188    0.046884403
    0.262147278    0.047113441
    0.259906679    0.047343586
    0.257685244    0.047574867
    0.254388601    0.047807280
    0.252214372    0.048040811
    0.250058651    0.048275501
    0.247921392    0.048511323
    0.244749680    0.048748307
    0.242657781    0.048986454
    0.240583748    0.049225748
    0.238527462    0.049466223
    0.235475928    0.049707875
    0.233463287    0.049950708
    0.231467828    0.050194710
    0.228506610    0.050439920
    0.226553530    0.050686330
    0.224617153    0.050933927
    0.222697333    0.051182751
    0.219848320    0.051432785
    0.217969254    0.051684029
    0.216106251    0.051936515
    0.214259163    0.052190237
    0.211518109    0.052445181
    0.209710240    0.052701384
    0.207917824    0.052958839
    0.205257878    0.053217553
    0.203503519    0.053477515
    0.966469884    0.053477515
    0.201764166    0.053738765
    0.954105616    0.053738765
    0.200039655    0.054001287
    0.945950806    0.054001287
    0.198329896    0.054265078
    0.937865674    0.054265078
    0.195792630    0.054530174
    0.929849625    0.054530174
    0.194119170    0.054796547
    0.921902120    0.054796547
    0.192460015    0.055064239
    0.914022505    0.055064239
    0.190815032    0.055333238
    0.902329206    0.055333238
    0.188373893    0.055603534
    0.894616902    0.055603534
    0.186763838    0.055875167
    0.883171916    0.055875167
    0.185167551    0.056148112
    0.875623345    0.056148112
    0.183584914    0.056422409
    0.864421308    0.056422409
    0.181236267    0.056698039
    0.857033014    0.056698039
    0.179687217    0.056975007
    0.849707842    0.056975007
    0.178151414    0.057253338
    0.842445314    0.057253338
    0.176628739    0.057533033
    0.835244834    0.057533033
    0.174369097    0.057814091
    0.828105927    0.057814091
    0.172878742    0.058096506
    0.817511797    0.058096506
    0.171401128    0.058380321
    0.810524404    0.058380321
    0.169936150    0.058665518
    0.800155163    0.058665518
    0.167762116    0.058952093
    0.793316185    0.058952093
    0.166328236    0.059240084
    0.786535621    0.059240084
    0.164906606    0.059529483
    0.776473284    0.059529483
    0.163497135    0.059820279
    0.769836664    0.059820279
    0.161405489    0.060112514
    0.763256788    0.060112514
    0.160025939    0.060406171
    0.756733179    0.060406171
    0.158658177    0.060701251
    0.750265300    0.060701251
    0.157302111    0.060997788
    0.740666986    0.060997788
    0.155289710    0.061295774
    0.734336436    0.061295774
    0.153962433    0.061595213
    0.724941909    0.061595213
    0.152646497    0.061896101
    0.718745768    0.061896101
    0.150693655    0.062198475
    0.712602556    0.062198475
    0.149405673    0.062502325
    0.703486085    0.062502325
    0.148128688    0.062807642
    0.697473347    0.062807642
    0.146862611    0.063114472
    0.691511989    0.063114472
    0.144983768    0.063422777
    0.685601532    0.063422777
    0.143744558    0.063732609
    0.679741621    0.063732609
    0.142515957    0.064043954
    0.671045542    0.064043954
    0.141297862    0.064356804
    0.665310025    0.064356804
    0.139490202    0.064671196
    0.656798542    0.064671196
    0.138297960    0.064987108
    0.651184857    0.064987108
    0.137115926    0.065304585
    0.645619094    0.065304585
    0.135943979    0.065623611
    0.640100956    0.065623611
    0.134204820    0.065944172
    0.631911993    0.065944172
    0.133057758    0.066266321
    0.626510978    0.066266321
    0.131920502    0.066590048
    0.621156096    0.066590048
    0.130232811    0.066915348
    0.615846992    0.066915348
    0.129119694    0.067242227
    0.610583305    0.067242227
    0.128016099    0.067570716
    0.602771997    0.067570716
    0.126921922    0.067900814
    0.597620010    0.067900814
    0.125298187    0.068232499
    0.589974523    0.068232499
    0.124227256    0.068565831
    0.584931970    0.068565831
    0.123165473    0.068900786
    0.579932511    0.068900786
    0.122112766    0.069237359
    0.574975729    0.069237359
    0.120550551    0.069575593
    0.570061386    0.069575593
    0.119520187    0.069915488
    0.562768459    0.069915488
    0.118498638    0.070257016
    0.557958424    0.070257016
    0.117485821    0.070600234
    0.553189516    0.070600234
    0.115982801    0.070945129
    0.546112418    0.070945129
    0.114991479    0.071291707
    0.541444719    0.071291707
    0.114008635    0.071639962
    0.536816955    0.071639962
    0.113034196    0.071989939
    0.529949307    0.071989939
    0.111588120    0.072341621
    0.525419772    0.072341621
    0.110634372    0.072695002
    0.520929039    0.072695002
    0.109688766    0.073050134
    0.516476572    0.073050134
    0.108751245    0.073406972
    0.512062192    0.073406972
    0.107359968    0.073765583
    0.507685542    0.073765583
    0.106442347    0.074125938
    0.501190603    0.074125938
    0.105532579    0.074488036
    0.496906877    0.074488036
    0.104630575    0.074851923
    0.490549833    0.074851923
    0.103292018    0.075217567
    0.486357033    0.075217567
    0.102409154    0.075585023
    0.482200116    0.075585023
    0.101533853    0.075954266
    0.478078693    0.075954266
    0.100666031    0.076325297
    0.471962541    0.076325297
    0.099378191    0.076698162
    0.467928618    0.076698162
    0.098528795    0.077072844
    0.463929176    0.077072844
    0.097686663    0.077449359
    0.459963948    0.077449359
    0.096436933    0.077827692
    0.456032574    0.077827692
    0.095612675    0.078207895
    0.450198442    0.078207895
    0.094795465    0.078589953
    0.446350574    0.078589953
    0.093985237    0.078973860
    0.440640271    0.078973860
    0.092782870    0.079359658
    0.436874062    0.079359658
    0.091989845    0.079747342
    0.433140069    0.079747342
    0.091203593    0.080136903
    0.429437965    0.080136903
    0.090424068    0.080528386
    0.425767511    0.080528386
    0.089267254    0.080921784
    0.420320600    0.080921784
    0.088504277    0.081317075
    0.416728079    0.081317075
    0.087747820    0.081714325
    0.413166255    0.081714325
    0.086625248    0.082113512
    0.407880515    0.082113512
    0.085884854    0.082514651
    0.404394329    0.082514651
    0.085150786    0.082917728
    0.400937915    0.082917728
    0.084422991    0.083322801
    0.395808637    0.083322801
    0.083342955    0.083729848
    0.392425627    0.083729848
    0.082630612    0.084138855
    0.389071524    0.084138855
    0.081924357    0.084549889
    0.385746092    0.084549889
    0.081224144    0.084962934
    0.382449090    0.084962934
    0.080185026    0.085377991
    0.379180253    0.085377991
    0.079499677    0.085795052
    0.374329329    0.085795052
    0.078820184    0.086214177
    0.371129870    0.086214177
    0.077811822    0.086635351
    0.367957801    0.086635351
    0.077146754    0.087058559
    0.363250434    0.087058559
    0.076487370    0.087483853
    0.360145688    0.087483853
    0.075833626    0.087911226
    0.357067466    0.087911226
    0.074863471    0.088340670
    0.354015589    0.088340670
    0.074223608    0.088772230
    0.349486589    0.088772230
    0.073589206    0.089205869
    0.346499473    0.089205869
    0.072960235    0.089641660
    0.343537927    0.089641660
    0.072336636    0.090079576
    0.340601653    0.090079576
    0.071411215    0.090519607
    0.336244285    0.090519607
    0.070800856    0.090961806
    0.333370358    0.090961806
    0.070195720    0.091406152
    0.330521017    0.091406152
    0.069595747    0.091852687
    0.326292574    0.091852687
    0.068705395    0.092301399
    0.323503733    0.092301399
    0.068118162    0.092752285
    0.320738703    0.092752285
    0.067535952    0.093205392
    0.317997336    0.093205392
    0.066958711    0.093660720
    0.315279365    0.093660720
    0.066102095    0.094118245
    0.311245918    0.094118245
    0.065537117    0.094578028
    0.308585674    0.094578028
    0.064976960    0.095040061
    0.305948168    0.095040061
    0.064421594    0.095504351
    0.302034110    0.095504351
    0.063597441    0.095970877
    0.299452603    0.095970877
    0.063053861    0.096439712
    0.296893150    0.096439712
    0.062514938    0.096910842
    0.293094933    0.096910842
    0.061980616    0.097384237
    0.290589809    0.097384237
    0.061187685    0.097859979
    0.288106114    0.097859979
    0.060664706    0.098338045
    0.285643637    0.098338045
    0.060146198    0.098818414
    0.283202201    0.098818414
    0.059632123    0.099301159
    0.279579133    0.099301159
    0.058869235    0.099786267
    0.277189553    0.099786267
    0.058366075    0.100273713
    0.274820387    0.100273713
    0.057867214    0.100763567
    0.271304548    0.100763567
    0.057372618    0.101255797
    0.268985689    0.101255797
    0.056638636    0.101750441
    0.266686648    0.101750441
    0.056154542    0.102247506
    0.263274819    0.102247506
    0.055674583    0.102746993
    0.261024594    0.102746993
    0.055198725    0.103248917
    0.258793592    0.103248917
    0.054492556    0.103753306
    0.256581634    0.103753306
    0.054026805    0.104260147
    0.254388601    0.104260147
    0.053565018    0.104769461
    0.251134187    0.104769461
    0.053107191    0.105281264
    0.248987734    0.105281264
    0.052427780    0.105795585
    0.245802373    0.105795585
    0.051979672    0.106312394
    0.243701473    0.106312394
    0.051535413    0.106831737
    0.241618544    0.106831737
    0.050876107    0.107353628
    0.239553407    0.107353628
    0.050441265    0.107878059
    0.237505913    0.107878059
    0.050010137    0.108405061
    0.234467447    0.108405061
    0.049582697    0.108934626
    0.232463405    0.108934626
    0.048948374    0.109466776
    0.230476514    0.109466776
    0.048530009    0.110001542
    0.227527976    0.110001542
    0.048115216    0.110538900
    0.225583270    0.110538900
    0.047703970    0.111078903
    0.223655194    0.111078903
    0.047296241    0.111621529
    0.221743584    0.111621529
    0.046691168    0.112166807
    0.218906775    0.112166807
    0.046292096    0.112714760
    0.217035756    0.112714760
    0.045896433    0.113265380
    0.215180725    0.113265380
    0.045504149    0.113818683
    0.213341549    0.113818683
    0.045115210    0.114374690
    0.211518109    0.114374690
    0.044538040    0.114933431
    0.208812103    0.114933431
    0.044157371    0.115494892
    0.207027361    0.115494892
    0.043779954    0.116059087
    0.204378828    0.116059087
    0.043405760    0.116626054
    0.202631980    0.116626054
    0.043034766    0.117195778
    0.200900063    0.117195778
    0.042484213    0.117768288
    0.199182943    0.117768288
    0.042121097    0.118343607
    0.196634755    0.118343607
    0.041761085    0.118921719
    0.194954097    0.118921719
    0.041404147    0.119502671
    0.193287805    0.119502671
    0.040874455    0.120086446
    0.191635758    0.120086446
    0.040525097    0.120673075
    0.189997822    0.120673075
    0.040178727    0.121262588
    0.187567145    0.121262588
    0.039835315    0.121854961
    0.185963988    0.121854961
    0.039494839    0.122450240
    0.183584914    0.122450240
    0.038989570    0.123048417
    0.182015792    0.123048417
    0.038656324    0.123649515
    0.180460081    0.123649515
    0.038325924    0.124253564
    0.178917676    0.124253564
    0.037998348    0.124860547
    0.176628739    0.124860547
    0.037673574    0.125470504
    0.175119072    0.125470504
    0.037191607    0.126083449
    0.173622310    0.126083449
    0.036873728    0.126699373
    0.172138348    0.126699373
    0.036558565    0.127318293
    0.169936150    0.127318293
    0.036246095    0.127940252
    0.168483689    0.127940252
    0.035936296    0.128565267
    0.167043641    0.128565267
    0.035476554    0.129193306
    0.164906606    0.129193306
    0.035173330    0.129824430
    0.163497135    0.129824430
    0.034872703    0.130458638
    0.162099719    0.130458638
    0.034574643    0.131095931
    0.160714224    0.131095931
    0.034132320    0.131736353
    0.159340590    0.131736353
    0.033840589    0.132379889
    0.157978684    0.132379889
    0.033551350    0.133026585
    0.155957639    0.133026585
    0.033264581    0.133676425
    0.154624641    0.133676425
    0.032839023    0.134329438
    0.152646497    0.134329438
    0.032558344    0.134985670
    0.151341811    0.134985670
    0.032280065    0.135645077
    0.150048286    0.135645077
    0.032004163    0.136307701
    0.148765802    0.136307701
    0.031730618    0.136973590
    0.146862611    0.136973590
    0.031324685    0.137642711
    0.145607367    0.137642711
    0.031056948    0.138315111
    0.144362822    0.138315111
    0.030791501    0.138990805
    0.143128932    0.138990805
    0.030528322    0.139669776
    0.141905606    0.139669776
    0.030137768    0.140352070
    0.140090168    0.140352070
    0.029880177    0.141037703
    0.138892800    0.141037703
    0.029624788    0.141726688
    0.137705669    0.141726688
    0.029371582    0.142419025
    0.135943979    0.142419025
    0.029120540    0.143114761
    0.134782046    0.143114761
    0.028747994    0.143813893
    0.133630052    0.143813893
    0.028502282    0.144516438
    0.132487908    0.144516438
    0.028258670    0.145222425
    0.131355524    0.145222425
    0.028017141    0.145931840
    0.130232811    0.145931840
    0.027777676    0.146644726
    0.128566712    0.146644726
    0.027422309    0.147361115
    0.127467841    0.147361115
    0.027187929    0.148080975
    0.125837117    0.148080975
    0.026955551    0.148804381
    0.124761574    0.148804381
    0.026725158    0.149531290
    0.123695225    0.149531290
    0.026496736    0.150261760
    0.122637987    0.150261760
    0.026157757    0.150995821
    0.121069051    0.150995821
    0.025934184    0.151733443
    0.120034263    0.151733443
    0.025712522    0.152474687
    0.119008318    0.152474687
    0.025492756    0.153219521
    0.117991142    0.153219521
    0.025274865    0.153968006
    0.116982661    0.153968006
    0.024951519    0.154720172
    0.115486078    0.154720172
    0.024738256    0.155475989
    0.114499003    0.155475989
    0.024526816    0.156235516
    0.113520369    0.156235516
    0.024317183    0.156998739
    0.112068079    0.156998739
    0.024109341    0.157765672
    0.111110225    0.157765672
    0.023800906    0.158536389
    0.110160552    0.158536389
    0.023597477    0.159310848
    0.109219000    0.159310848
    0.023395786    0.160089090
    0.108285494    0.160089090
    0.023195820    0.160871133
    0.107359968    0.160871133
    0.022899071    0.161657020
    0.105986483    0.161657020
    0.022703350    0.162446722
    0.105080612    0.162446722
    0.022509303    0.163240284
    0.103736289    0.163240284
    0.022316914    0.164037734
    0.102849633    0.164037734
    0.022126168    0.164839074
    0.101970568    0.164839074
    0.021843104    0.165644318
    0.100666031    0.165644318
    0.021656409    0.166453511
    0.099805631    0.166453511
    0.021471309    0.167266652
    0.098952584    0.167266652
    0.021287791    0.168083757
    0.098106824    0.168083757
    0.021015447    0.168904871
    0.097268298    0.168904871
    0.020835824    0.169729978
    0.096436933    0.169729978
    0.020657739    0.170559123
    0.095203198    0.170559123
    0.020481175    0.171392307
    0.094389483    0.171392307
    0.020306122    0.172229588
    0.093181938    0.172229588
    0.020046346    0.173070937
    0.092385501    0.173070937
    0.019875007    0.173916399
    0.091595873    0.173916399
    0.019705134    0.174766004
    0.090812996    0.174766004
    0.019536711    0.175619751
    0.090036809    0.175619751
    0.019369729    0.176477656
    0.089267254    0.176477656
    0.019121928    0.177339762
    0.088125236    0.177339762
    0.018958492    0.178206101
    0.087372027    0.178206101
    0.018796451    0.179076642
    0.086625248    0.179076642
    0.018635796    0.179951444
    0.085517034    0.179951444
    0.018476514    0.180830538
    0.084786110    0.180830538
    0.018318594    0.181713894
    0.084061429    0.181713894
    0.018084239    0.182601586
    0.083342955    0.182601586
    0.017929671    0.183493629
    0.082276724    0.183493629
    0.017776426    0.184389994
    0.081573501    0.184389994
    0.017624484    0.185290754
    0.080876283    0.185290754
    0.017473845    0.186195925
    0.080185026    0.186195925
    0.017250299    0.187105507
    0.079499677    0.187105507
    0.017102858    0.188019514
    0.078482620    0.188019514
    0.016956680    0.188938007
    0.077811822    0.188938007
    0.016811749    0.189861000
    0.077146754    0.189861000
    0.016668057    0.190788478
    0.076159798    0.190788478
    0.016525593    0.191720486
    0.075508855    0.191720486
    0.016384346    0.192657083
    0.074863471    0.192657083
    0.016174739    0.193598211
    0.074223608    0.193598211
    0.016036492    0.194543973
    0.073589206    0.194543973
    0.015899425    0.195494339
    0.072960235    0.195494339
    0.015763532    0.196449339
    0.072026841    0.196449339
    0.015628800    0.197409019
    0.071411215    0.197409019
    0.015495218    0.198373377
    0.070497639    0.198373377
    0.015362780    0.199342459
    0.069895089    0.199342459
    0.015166240    0.200316265
    0.069297686    0.200316265
    0.015036613    0.201294810
    0.068411149    0.201294810
    0.014908093    0.202278182
    0.067826428    0.202278182
    0.014780672    0.203266323
    0.067246713    0.203266323
    0.014654340    0.204259276
    0.066671945    0.204259276
    0.014466864    0.205257088
    0.066102095    0.205257088
    0.014343214    0.206259817
    0.065537117    0.206259817
    0.014220621    0.207267404
    0.064698681    0.207267404
    0.014099076    0.208279908
    0.064145699    0.208279908
    0.013978570    0.209297404
    0.063597441    0.209297404
    0.013859094    0.210319817
    0.062783822    0.210319817
    0.013740639    0.211347252
    0.062247202    0.211347252
    0.013564852    0.212379709
    0.061715171    0.212379709
    0.013448912    0.213417202
    0.061187685    0.213417202
    0.013333962    0.214459777
    0.060664706    0.214459777
    0.013219995    0.215507418
    0.059888609    0.215507418
    0.013107003    0.216560185
    0.059376735    0.216560185
    0.012994977    0.217618123
    0.058869235    0.217618123
    0.012883907    0.218681201
    0.058116108    0.218681201
    0.012719080    0.219749495
    0.057619385    0.219749495
    0.012610369    0.220822975
    0.057126906    0.220822975
    0.012502587    0.221901715
    0.056638636    0.221901715
    0.012395727    0.222985744
    0.055914048    0.222985744
    0.012289778    0.224075034
    0.055436142    0.224075034
    0.012184736    0.225169659
    0.054962326    0.225169659
    0.012080592    0.226269647
    0.054492556    0.226269647
    0.011926043    0.227374986
    0.054026805    0.227374986
    0.011824110    0.228485718
    0.053335611    0.228485718
    0.011723048    0.229601875
    0.052879747    0.229601875
    0.011622850    0.230723530
    0.052427780    0.230723530
    0.011523508    0.231850624
    0.051757071    0.231850624
    0.011425016    0.232983217
    0.051314700    0.232983217
    0.011327364    0.234121382
    0.050876107    0.234121382
    0.011230549    0.235265076
    0.050441265    0.235265076
    0.011086874    0.236414358
    0.050010137    0.236414358
    0.010992114    0.237569258
    0.049582697    0.237569258
    0.010898163    0.238729820
    0.048948374    0.238729820
    0.010805015    0.239896029
    0.048530009    0.239896029
    0.010712664    0.241067931
    0.047909152    0.241067931
    0.010621101    0.242245600
    0.047499668    0.242245600
    0.010530321    0.243428975
    0.047093686    0.243428975
    0.010440318    0.244618133
    0.046691168    0.244618133
    0.010351083    0.245813131
    0.046093840    0.245813131
    0.010262611    0.247013941
    0.045699872    0.247013941
    0.010174896    0.248220652
    0.045309257    0.248220652
    0.010044727    0.249433219
    0.044921994    0.249433219
    0.009958873    0.250651717
    0.044538040    0.250651717
    0.009873753    0.251876205
    0.043968257    0.251876205
    0.009789362    0.253106624
    0.043592457    0.253106624
    0.009705691    0.254343092
    0.043219864    0.254343092
    0.009622735    0.255585581
    0.042666946    0.255585581
    0.009540489    0.256834120
    0.042302266    0.256834120
    0.009458945    0.258088797
    0.041940704    0.258088797
    0.009378099    0.259349585
    0.041582234    0.259349585
    0.009297943    0.260616511
    0.041226827    0.260616511
    0.009218473    0.261889666
    0.040874455    0.261889666
    0.009139681    0.263169020
    0.040351540    0.263169020
    0.009061564    0.264454603
    0.040006652    0.264454603
    0.008945637    0.265746474
    0.039494839    0.265746474
    0.008869178    0.267044693
    0.039157271    0.267044693
    0.008793372    0.268349200
    0.038822591    0.268349200
    0.008718214    0.269660115
    0.038490769    0.269660115
    0.008643699    0.270977437
    0.037998348    0.270977437
    0.008569820    0.272301197
    0.037673574    0.272301197
    0.008496573    0.273631424
    0.037351575    0.273631424
    0.008423952    0.274968117
    0.037032325    0.274968117
    0.008351952    0.276311368
    0.036715806    0.276311368
    0.008280567    0.277661204
    0.036246095    0.277661204
    0.008209792    0.279017568
    0.035936296    0.279017568
    0.008139622    0.280380636
    0.035629142    0.280380636
    0.008070052    0.281750292
    0.035324618    0.281750292
    0.008001076    0.283126652
    0.034872703    0.283126652
    0.007932690    0.284509778
    0.034574643    0.284509778
    0.007864889    0.285899639
    0.034279127    0.285899639
    0.007797667    0.287296265
    0.033986140    0.287296265
    0.007697910    0.288699716
    0.033695657    0.288699716
    0.007632115    0.290110081
    0.033264581    0.290110081
    0.007566882    0.291527271
    0.032980267    0.291527271
    0.007502208    0.292951405
    0.032698382    0.292951405
    0.007438085    0.294382513
    0.032280065    0.294382513
    0.007374511    0.295820594
    0.032004163    0.295820594
    0.007311481    0.297265679
    0.031730618    0.297265679
    0.007248988    0.298717886
    0.031459413    0.298717886
    0.007187031    0.300177127
    0.031190528    0.300177127
    0.007125603    0.301643491
    0.030923940    0.301643491
    0.007064699    0.303117096
    0.030528322    0.303117096
    0.007004316    0.304597825
    0.030267393    0.304597825
    0.006974319    0.306085795
    0.030008696    0.306085795
    0.006914709    0.307581037
    0.029624788    0.307581037
    0.006855608    0.309083641
    0.029371582    0.309083641
    0.006797012    0.310593516
    0.029120540    0.310593516
    0.006738918    0.312110782
    0.028871644    0.312110782
    0.006681319    0.313635498
    0.028502282    0.313635498
    0.006624213    0.315167636
    0.028258670    0.315167636
    0.006567596    0.316707253
    0.028017141    0.316707253
    0.006511462    0.318254411
    0.027777676    0.318254411
    0.006455808    0.319809079
    0.027540257    0.319809079
    0.006400629    0.321371377
    0.027187929    0.321371377
    0.006345923    0.322941333
    0.026955551    0.322941333
    0.006291683    0.324518919
    0.026725158    0.324518919
    0.006237908    0.326104224
    0.026383258    0.326104224
    0.006184591    0.327697277
    0.026157757    0.327697277
    0.006131731    0.329298079
    0.025934184    0.329298079
    0.006079323    0.330906749
    0.025712522    0.330906749
    0.006027362    0.332523227
    0.025492756    0.332523227
    0.005975846    0.334147662
    0.025274865    0.334147662
    0.005924770    0.335779995
    0.024951519    0.335779995
    0.005874130    0.337420315
    0.024738256    0.337420315
    0.005848973    0.339068651
    0.024526816    0.339068651
    0.005798981    0.340725005
    0.024213038    0.340725005
    0.005749417    0.342389494
    0.024006087    0.342389494
    0.005700276    0.344062090
    0.023800906    0.344062090
    0.005651555    0.345742851
    0.023597477    0.345742851
    0.005603251    0.347431839
    0.023395786    0.347431839
    0.005555359    0.349129081
    0.023096479    0.349129081
    0.005507877    0.350834608
    0.022899071    0.350834608
    0.005460800    0.352548480
    0.022703350    0.352548480
    0.005414126    0.354270697
    0.022509303    0.354270697
    0.005390939    0.356001347
    0.022221336    0.356001347
    0.005344862    0.357740432
    0.022031408    0.357740432
    0.005299179    0.359488040
    0.021843104    0.359488040
    0.005253886    0.361244172
    0.021656409    0.361244172
    0.005208981    0.363008887
    0.021379353    0.363008887
    0.005164459    0.364782214
    0.021196622    0.364782214
    0.005120318    0.366564214
    0.021015447    0.366564214
    0.005076554    0.368354917
    0.020835824    0.368354917
    0.005033164    0.370154351
    0.020657739    0.370154351
    0.005011609    0.371962607
    0.020393461    0.371962607
    0.004968774    0.373779684
    0.020219155    0.373779684
    0.004926305    0.375605613
    0.020046346    0.375605613
    0.004884197    0.377440482
    0.019789888    0.377440482
    0.004842451    0.379284322
    0.019620743    0.379284322
    0.004801062    0.381137133
    0.019453041    0.381137133
    0.004780501    0.382999033
    0.019286774    0.382999033
    0.004739641    0.384870023
    0.019121928    0.384870023
    0.004699131    0.386750132
    0.018958492    0.386750132
    0.004658967    0.388639450
    0.018715952    0.388639450
    0.004619147    0.390538007
    0.018555984    0.390538007
    0.004599364    0.392445832
    0.018397385    0.392445832
    0.004560053    0.394362926
    0.018162023    0.394362926
    0.004521077    0.396289438
    0.018006790    0.396289438
    0.004482436    0.398225367
    0.017852884    0.398225367
    0.004444124    0.400170714
    0.017700288    0.400170714
    0.004425091    0.402125597
    0.017473845    0.402125597
    0.004387269    0.404090017
    0.017324494    0.404090017
    0.004349770    0.406064034
    0.017176419    0.406064034
    0.004312593    0.408047676
    0.017029611    0.408047676
    0.004294123    0.410041034
    0.016811749    0.410041034
    0.004257423    0.412044138
    0.016668057    0.412044138
    0.004221035    0.414056987
    0.016525593    0.414056987
    0.004184957    0.416079700
    0.016314177    0.416079700
    0.004167034    0.418112308
    0.016174739    0.418112308
    0.004131418    0.420154810
    0.016036492    0.420154810
    0.004096104    0.422207296
    0.015899425    0.422207296
    0.004061094    0.424269825
    0.015763532    0.424269825
    0.004026384    0.426342398
    0.015628800    0.426342398
    0.004009140    0.428425133
    0.015428857    0.428425133
    0.003974873    0.430518061
    0.015296984    0.430518061
    0.003940899    0.432621181
    0.015101288    0.432621181
    0.003924021    0.434734553
    0.014972215    0.434734553
    0.003890483    0.436858267
    0.014844246    0.436858267
    0.003857230    0.438992381
    0.014717370    0.438992381
    0.003840711    0.441136867
    0.014529089    0.441136867
    0.003807884    0.443291873
    0.014404907    0.443291873
    0.003775338    0.445457369
    0.014281786    0.445457369
    0.003743069    0.447633475
    0.014159719    0.447633475
    0.003727039    0.449820220
    0.014038694    0.449820220
    0.003695183    0.452017605
    0.013859094    0.452017605
    0.003679358    0.454225779
    0.013740639    0.454225779
    0.003647910    0.456444681
    0.013623197    0.456444681
    0.003616731    0.458674461
    0.013448912    0.458674461
    0.003601242    0.460915148
    0.013333962    0.460915148
    0.003570462    0.463166744
    0.013219995    0.463166744
    0.003539945    0.465429366
    0.013107003    0.465429366
    0.003524784    0.467703044
    0.012994977    0.467703044
    0.003494657    0.469987810
    0.012828729    0.469987810
    0.003464788    0.472283721
    0.012719080    0.472283721
    0.003449949    0.474590868
    0.012610369    0.474590868
    0.003420462    0.476909310
    0.012449042    0.476909310
    0.003405813    0.479239047
    0.012342638    0.479239047
    0.003376703    0.481580168
    0.012237145    0.481580168
    0.003362242    0.483932734
    0.012080592    0.483932734
    0.003333505    0.486296773
    0.011977338    0.486296773
    0.003305013    0.488672376
    0.011874967    0.488672376
    0.003290858    0.491059572
    0.011773470    0.491059572
    0.003262731    0.493458450
    0.011672841    0.493458450
    0.003248758    0.495869070
    0.011523508    0.495869070
    0.003220990    0.498291403
    0.011425016    0.498291403
    0.003207196    0.500725627
    0.011278853    0.500725627
    0.003179783    0.503171682
    0.011182452    0.503171682
    0.003166165    0.505629718
    0.011086874    0.505629718
    0.003139104    0.508099794
    0.010945037    0.508099794
    0.003125660    0.510581851
    0.010851488    0.510581851
    0.003098944    0.513076127
    0.010758740    0.513076127
    0.003085673    0.515582561
    0.010666784    0.515582561
    0.003059299    0.518101215
    0.010575614    0.518101215
    0.003046197    0.520632207
    0.010440318    0.520632207
    0.003020161    0.523175538
    0.010351083    0.523175538
    0.003007226    0.525731325
    0.010218659    0.525731325
    0.002994347    0.528299510
    0.010131320    0.528299510
    0.002968754    0.530880332
    0.010044727    0.530880332
    0.002956040    0.533473730
    0.009916222    0.533473730
    0.002943380    0.536079764
    0.009831467    0.536079764
    0.002918222    0.538698554
    0.009747436    0.538698554
    0.002905725    0.541330159
    0.009664124    0.541330159
    0.002880889    0.543974578
    0.009540489    0.543974578
    0.002868551    0.546631992
    0.009458945    0.546631992
    0.002856266    0.549302280
    0.009337935    0.549302280
    0.002831853    0.551985681
    0.009258123    0.551985681
    0.002819725    0.554682195
    0.009178992    0.554682195
    0.002807649    0.557391882
    0.009061564    0.557391882
    0.002783652    0.560114801
    0.008984114    0.560114801
    0.002771730    0.562851012
    0.008907326    0.562851012
    0.002759859    0.565600574
    0.008793372    0.565600574
    0.002736271    0.568363607
    0.008718214    0.568363607
    0.002724552    0.571140110
    0.008643699    0.571140110
    0.002712884    0.573930144
    0.008533118    0.573930144
    0.002701265    0.576733887
    0.008460185    0.576733887
    0.002689696    0.579551280
    0.008351952    0.579551280
    0.002666707    0.582382441
    0.008280567    0.582382441
    0.002655286    0.585227430
    0.008209792    0.585227430
    0.002643914    0.588086307
    0.008104762    0.588086307
    0.002632591    0.590959191
    0.008035490    0.590959191
    0.002610090    0.593846083
    0.007932690    0.593846083
    0.002598912    0.596747041
    0.007864889    0.596747041
    0.002587782    0.599662244
    0.007797667    0.599662244
    0.002576699    0.602591634
    0.007697910    0.602591634
    0.002565664    0.605535328
    0.007632115    0.605535328
    0.002554676    0.608493388
    0.007534476    0.608493388
    0.002543735    0.611465991
    0.007470077    0.611465991
    0.002532840    0.614453018
    0.007374511    0.614453018
    0.002521993    0.617454648
    0.007311481    0.617454648
    0.002511192    0.620471001
    0.007248988    0.620471001
    0.002489729    0.623502076
    0.007156251    0.623502076
    0.002479066    0.626547933
    0.007095085    0.626547933
    0.002468449    0.629608691
    0.007034443    0.629608691
    0.002457877    0.632684350
    0.006944450    0.632684350
    0.002457877    0.635775089
    0.006855608    0.635775089
    0.002447351    0.638880908
    0.006797012    0.638880908
    0.002436869    0.642001927
    0.006710057    0.642001927
    0.002426433    0.645138144
    0.006652705    0.645138144
    0.002416041    0.648289680
    0.006567596    0.648289680
    0.002405694    0.651456654
    0.006511462    0.651456654
    0.002395391    0.654639065
    0.006428159    0.654639065
    0.002385132    0.657837033
    0.006373217    0.657837033
    0.002374917    0.661050677
    0.006318745    0.661050677
    0.002374917    0.664279938
    0.006237908    0.664279938
    0.002364746    0.667524993
    0.006158105    0.667524993
    0.002354619    0.670785964
    0.006105471    0.670785964
    0.002354619    0.674062788
    0.006027362    0.674062788
    0.002344534    0.677355647
    0.005950253    0.677355647
    0.002334493    0.680664599
    0.005899395    0.680664599
    0.002324495    0.683989704
    0.005823923    0.683989704
    0.002324495    0.687331080
    0.005774145    0.687331080
    0.002314540    0.690688729
    0.005700276    0.690688729
    0.002304628    0.694062769
    0.005651555    0.694062769
    0.002304628    0.697453320
    0.005579253    0.697453320
    0.002294758    0.700860441
    0.005507877    0.700860441
    0.002294758    0.704284251
    0.005437413    0.704284251
    0.002284930    0.707724690
    0.005390939    0.707724690
    0.002284930    0.711181998
    0.005321972    0.711181998
    0.002275144    0.714656174
    0.005253886    0.714656174
    0.002275144    0.718147337
    0.005186672    0.718147337
    0.002265400    0.721655548
    0.005142341    0.721655548
    0.002265400    0.725180924
    0.005076554    0.725180924
    0.002255698    0.728723526
    0.005033164    0.728723526
    0.002255698    0.732283354
    0.004968774    0.732283354
    0.002255698    0.735860646
    0.004905208    0.735860646
    0.002246038    0.739455402
    0.004842451    0.739455402
    0.002246038    0.743067741
    0.004780501    0.743067741
    0.002246038    0.746697664
    0.004719343    0.746697664
    0.002246038    0.750345349
    0.004658967    0.750345349
    0.002246038    0.754010856
    0.004599364    0.754010856
    0.002236419    0.757694244
    0.004560053    0.757694244
    0.002236419    0.761395633
    0.004501715    0.761395633
    0.002236419    0.765115142
    0.004444124    0.765115142
    0.002236419    0.768852770
    0.004387269    0.768852770
    0.002236419    0.772608697
    0.004331142    0.772608697
    0.002236419    0.776382923
    0.004257423    0.776382923
    0.002246038    0.780175626
    0.004202957    0.780175626
    0.002246038    0.783986866
    0.004149188    0.783986866
    0.002246038    0.787816703
    0.004096104    0.787816703
    0.002246038    0.791665256
    0.004026384    0.791665256
    0.002255698    0.795532644
    0.003974873    0.795532644
    0.002255698    0.799418867
    0.003924021    0.799418867
    0.002255698    0.803324103
    0.003873821    0.803324103
    0.002265400    0.807248414
    0.003807884    0.807248414
    0.002275144    0.811191916
    0.003743069    0.811191916
    0.002284930    0.815154612
    0.003679358    0.815154612
    0.002294758    0.819136739
    0.003616731    0.819136739
    0.002314540    0.823138297
    0.003555170    0.823138297
    0.002324495    0.827159405
    0.003494657    0.827159405
    0.002334493    0.831200182
    0.003435174    0.831200182
    0.002344534    0.835260630
    0.003362242    0.835260630
    0.002364746    0.839340985
    0.003305013    0.839340985
    0.002385132    0.843441188
    0.003234844    0.843441188
    0.002416041    0.847561538
    0.003166165    0.847561538
    0.002447351    0.851701915
    0.003085673    0.851701915
    0.002500437    0.855862558
    0.002981523    0.855862558
    0.002576699    0.860043526
    0.002844033    0.860043526
    0.002314540    3.349628448
    0.002500437    3.349628448
    0.002246038    3.365992069
    0.002576699    3.365992069
    0.002207808    3.382435083
    0.002632591    3.382435083
    0.002179563    3.398958445
    0.002689696    3.398958445
    0.002151679    3.415562868
    0.002736271    3.415562868
    0.002133288    3.432248116
    0.002783652    3.432248116
    0.002115055    3.449014664
    0.002819725    3.449014664
    0.002096978    3.465863705
    0.002868551    3.465863705
    0.002087997    3.482794762
    0.002905725    3.482794762
    0.002079054    3.499808311
    0.002943380    3.499808311
    0.002061284    3.516905069
    0.002981523    3.516905069
    0.002052457    3.534085751
    0.003020161    3.534085751
    0.002052457    3.551349878
    0.003046197    3.551349878
    0.002043667    3.568698406
    0.003085673    3.568698406
    0.002034914    3.586132050
    0.003112274    3.586132050
    0.002026199    3.603650570
    0.003152605    3.603650570
    0.002017521    3.621254444
    0.003193460    3.621254444
    0.002017521    3.638944387
    0.003220990    3.638944387
    0.002017521    3.656721354
    0.003234844    3.656721354
    0.002017521    3.674584627
    0.003262731    3.674584627
    0.002017521    3.692535162
    0.003290858    3.692535162
    0.002017521    3.710573912
    0.003305013    3.710573912
    0.002017521    3.728700161
    0.003333505    3.728700161
    0.002017521    3.746915102
    0.003347842    3.746915102
    0.002017521    3.765219450
    0.003376703    3.765219450
    0.002017521    3.783612728
    0.003405813    3.783612728
    0.002017521    3.802096367
    0.003420462    3.802096367
    0.002017521    3.820669651
    0.003449949    3.820669651
    0.002026199    3.839333773
    0.003449949    3.839333773
    0.002034914    3.858089685
    0.003449949    3.858089685
    0.002043667    3.876936674
    0.003464788    3.876936674
    0.002052457    3.895876169
    0.003464788    3.895876169
    0.002070150    3.914907694
    0.003464788    3.914907694
    0.002079054    3.934032202
    0.003464788    3.934032202
    0.002087997    3.953250647
    0.003464788    3.953250647
    0.002096978    3.972562313
    0.003464788    3.972562313
    0.002105997    3.991968632
    0.003464788    3.991968632
    0.002124152    4.011469841
    0.003479691    4.011469841
    0.002142464    4.031066418
    0.003449949    4.031066418
    0.002170228    4.050758362
    0.003405813    4.050758362
    0.002198352    4.070546150
    0.003376703    4.070546150
    0.002226841    4.090431690
    0.003347842    4.090431690
    0.002255698    4.110413551
    0.003319228    4.110413551
    0.002294758    4.130493164
    0.003276764    4.130493164
    0.002334493    4.150671482
    0.003234844    4.150671482
    0.002374917    4.170947552
    0.003193460    4.170947552
    0.002416041    4.191322803
    0.003139104    4.191322803
    0.002468449    4.211797714
    0.003072458    4.211797714
    0.002610090    4.232372761
    0.002918222    4.232372761
    0.002304628    8.332280159
    0.002621317    8.332280159
    0.002160934    8.372982979
    0.002795625    8.372982979
    0.002079054    8.413886070
    0.002918222    8.413886070
    0.002017521    8.454988480
    0.003020161    8.454988480
    0.001966230    8.496292114
    0.003112274    8.496292114
    0.001924485    8.537796974
    0.003193460    8.537796974
    0.001883627    8.579504013
    0.003276764    8.579504013
    0.001843636    8.621417046
    0.003347842    8.621417046
    0.001812255    8.663533211
    0.003420462    8.663533211
    0.001781408    8.705855370
    0.003494657    8.705855370
    0.001751086    8.748384476
    0.003555170    8.748384476
    0.001743587    8.791120529
    0.003601242    8.791120529
    0.001736120    8.834066391
    0.003632287    8.834066391
    0.001728684    8.877221107
    0.003663600    8.877221107
    0.001721281    8.920588493
    0.003711077    8.920588493
    0.001713909    8.964165688
    0.003743069    8.964165688
    0.001706569    9.007956505
    0.003775338    9.007956505
    0.001699260    9.051961899
    0.003807884    9.051961899
    0.001699260    9.096180916
    0.003840711    9.096180916
    0.001691983    9.140616417
    0.003873821    9.140616417
    0.001684736    9.185268402
    0.003907216    9.185268402
    0.001699260    9.230139732
    0.003907216    9.230139732
    0.001713909    9.275229454
    0.003907216    9.275229454
    0.001728684    9.320539474
    0.003907216    9.320539474
    0.001743587    9.366071701
    0.003907216    9.366071701
    0.001758618    9.411826134
    0.003907216    9.411826134
    0.001773779    9.457802773
    0.003907216    9.457802773
    0.001789070    9.504006386
    0.003890483    9.504006386
    0.001804493    9.550433159
    0.003890483    9.550433159
    0.001820049    9.597087860
    0.003890483    9.597087860
    0.001835740    9.643971443
    0.003890483    9.643971443
    0.001867527    9.691082954
    0.003857230    9.691082954
    0.001891728    9.738424301
    0.003824262    9.738424301
    0.001924485    9.785996437
    0.003807884    9.785996437
    0.001957810    9.833803177
    0.003775338    9.833803177
    0.001991711    9.881841660
    0.003727039    9.881841660
    0.002026199    9.930114746
    0.003695183    9.930114746
    0.002061284    9.978625298
    0.003647910    9.978625298
    0.002105997   10.027371407
    0.003616731   10.027371407
    0.002151679   10.076356888
    0.003570462   10.076356888
    0.002198352   10.125581741
    0.003524784   10.125581741
    0.002246038   10.175044060
    0.003464788   10.175044060
    0.002294758   10.224750519
    0.003405813   10.224750519
    0.002354619   10.274700165
    0.003347842   10.274700165
    0.002426433   10.324891090
    0.003276764   10.324891090
    0.002511192   10.375330925
    0.003193460   10.375330925
    0.002632591   10.426015854
    0.003072458   10.426015854
    0.002819725   12.486056328
    0.003059299   12.486056328
    0.002736271   12.547049522
    0.003098944   12.547049522
    0.002666707   12.608344078
    0.003139104   12.608344078
    0.002621317   12.669938087
    0.003166165   12.669938087
    0.002565664   12.731829643
    0.003193460   12.731829643
    0.002521993   12.794027328
    0.003207196   12.794027328
    0.002479066   12.856524467
    0.003220990   12.856524467
    0.002447351   12.919331551
    0.003248758   12.919331551
    0.002405694   12.982444763
    0.003276764   12.982444763
    0.002374917   13.045862198
    0.003319228   13.045862198
    0.002334493   13.109593391
    0.003347842   13.109593391
    0.002304628   13.173632622
    0.003391227   13.173632622
    0.002275144   13.237988472
    0.003420462   13.237988472
    0.002246038   13.302658081
    0.003449949   13.302658081
    0.002226841   13.367640495
    0.003479691   13.367640495
    0.002198352   13.432944298
    0.003494657   13.432944298
    0.002170228   13.498566628
    0.003524784   13.498566628
    0.002151679   13.564509392
    0.003555170   13.564509392
    0.002142464   13.630770683
    0.003570462   13.630770683
    0.002142464   13.697359085
    0.003601242   13.697359085
    0.002133288   13.764273643
    0.003616731   13.764273643
    0.002133288   13.831510544
    0.003647910   13.831510544
    0.002124152   13.899080276
    0.003663600   13.899080276
    0.002124152   13.966979980
    0.003695183   13.966979980
    0.002115055   14.035206795
    0.003711077   14.035206795
    0.002115055   14.103771210
    0.003743069   14.103771210
    0.002105997   14.172671318
    0.003759169   14.172671318
    0.002105997   14.241903305
    0.003791576   14.241903305
    0.002096978   14.311477661
    0.003824262   14.311477661
    0.002087997   14.381391525
    0.003857230   14.381391525
    0.002070150   14.451647758
    0.003890483   14.451647758
    0.002061284   14.522242546
    0.003924021   14.522242546
    0.002052457   14.593186378
    0.003957850   14.593186378
    0.002043667   14.664476395
    0.003991970   14.664476395
    0.002034914   14.736110687
    0.004043702   14.736110687
    0.002026199   14.808099747
    0.004078561   14.808099747
    0.002017521   14.880435944
    0.004113722   14.880435944
    0.002008881   14.953129768
    0.004149188   14.953129768
    0.002008881   15.026178360
    0.004149188   15.026178360
    0.002008881   15.099579811
    0.004149188   15.099579811
    0.002008881   15.173343658
    0.004149188   15.173343658
    0.002008881   15.247464180
    0.004149188   15.247464180
    0.002008881   15.321950912
    0.004149188   15.321950912
    0.002008881   15.396800995
    0.004167034   15.396800995
    0.002008881   15.472013474
    0.004167034   15.472013474
    0.002008881   15.547596931
    0.004167034   15.547596931
    0.002017521   15.623549461
    0.004167034   15.623549461
    0.002017521   15.699872971
    0.004167034   15.699872971
    0.002026199   15.776565552
    0.004131418   15.776565552
    0.002043667   15.853636742
    0.004096104   15.853636742
    0.002061284   15.931084633
    0.004061094   15.931084633
    0.002087997   16.008907318
    0.004009140   16.008907318
    0.002105997   16.087112427
    0.003974873   16.087112427
    0.002124152   16.165700912
    0.003940899   16.165700912
    0.002142464   16.244668961
    0.003890483   16.244668961
    0.002170228   16.324028015
    0.003840711   16.324028015
    0.002198352   16.403774261
    0.003791576   16.403774261
    0.002217304   16.483903885
    0.003743069   16.483903885
    0.002236419   16.564432144
    0.003727039   16.564432144
    0.002246038   16.645351410
    0.003695183   16.645351410
    0.002265400   16.726667404
    0.003663600   16.726667404
    0.002275144   16.808374405
    0.003647910   16.808374405
    0.002294758   16.890487671
    0.003616731   16.890487671
    0.002314540   16.972999573
    0.003585819   16.972999573
    0.002334493   17.055912018
    0.003555170   17.055912018
    0.002344534   17.139232635
    0.003524784   17.139232635
    0.002364746   17.222955704
    0.003494657   17.222955704
    0.002385132   17.307094574
    0.003464788   17.307094574
    0.002354619   17.391641617
    0.003524784   17.391641617
    0.002314540   17.476598740
    0.003585819   17.476598740
    0.002284930   17.561975479
    0.003647910   17.561975479
    0.002246038   17.647764206
    0.003711077   17.647764206
    0.002226841   17.733976364
    0.003775338   17.733976364
    0.002198352   17.820610046
    0.003824262   17.820610046
    0.002170228   17.907661438
    0.003873821   17.907661438
    0.002142464   17.995143890
    0.003924021   17.995143890
    0.002124152   18.083053589
    0.003974873   18.083053589
    0.002096978   18.171392441
    0.004026384   18.171392441
    0.002087997   18.260158539
    0.004061094   18.260158539
    0.002079054   18.349361420
    0.004096104   18.349361420
    0.002070150   18.439002991
    0.004131418   18.439002991
    0.002061284   18.529075623
    0.004167034   18.529075623
    0.002052457   18.619592667
    0.004184957   18.619592667
    0.002043667   18.710552216
    0.004221035   18.710552216
    0.002034914   18.801952362
    0.004257423   18.801952362
    0.002026199   18.893802643
    0.004294123   18.893802643
    0.002017521   18.986103058
    0.004331142   18.986103058
    0.002008881   19.078847885
    0.004368480   19.078847885
    0.002017521   19.172052383
    0.004349770   19.172052383
    0.002026199   19.265710831
    0.004331142   19.265710831
    0.002026199   19.359827042
    0.004312593   19.359827042
    0.002034914   19.454397202
    0.004294123   19.454397202
    0.002043667   19.549436569
    0.004275735   19.549436569
    0.002043667   19.644939423
    0.004257423   19.644939423
    0.002052457   19.740901947
    0.004239190   19.740901947
    0.002061284   19.837339401
    0.004221035   19.837339401
    0.002070150   19.934244156
    0.004202957   19.934244156
    0.002070150   20.031625748
    0.004184957   20.031625748
    0.002070150   20.129484177
    0.004184957   20.129484177
    0.002070150   20.227815628
    0.004184957   20.227815628
    0.002070150   20.326631546
    0.004202957   20.326631546
    0.002070150   20.425924301
    0.004202957   20.425924301
    0.002070150   20.525709152
    0.004202957   20.525709152
    0.002070150   20.625982285
    0.004221035   20.625982285
    0.002070150   20.726737976
    0.004221035   20.726737976
    0.002061284   20.827991486
    0.004221035   20.827991486
    0.002061284   20.929738998
    0.004239190   20.929738998
    0.002061284   21.031984329
    0.004239190   21.031984329
    0.002061284   21.134723663
    0.004239190   21.134723663
    0.002061284   21.237972260
    0.004239190   21.237972260
    0.002061284   21.341722488
    0.004221035   21.341722488
    0.002061284   21.445974350
    0.004221035   21.445974350
    0.002061284   21.550743103
    0.004221035   21.550743103
    0.002061284   21.656021118
    0.004221035   21.656021118
    0.002061284   21.761810303
    0.004221035   21.761810303
    0.002061284   21.868120193
    0.004202957   21.868120193
    0.002061284   21.974948883
    0.004202957   21.974948883
    0.002061284   22.082294464
    0.004202957   22.082294464
    0.002070150   22.190170288
    0.004184957   22.190170288
    0.002079054   22.298574448
    0.004167034   22.298574448
    0.002087997   22.407506943
    0.004149188   22.407506943
    0.002096978   22.516965866
    0.004131418   22.516965866
    0.002096978   22.626964569
    0.004113722   22.626964569
    0.002105997   22.737501144
    0.004096104   22.737501144
    0.002115055   22.848571777
    0.004078561   22.848571777
    0.002124152   22.960191727
    0.004043702   22.960191727
    0.002133288   23.072349548
    0.004026384   23.072349548
    0.002142464   23.185062408
    0.004009140   23.185062408
    0.002133288   23.298326492
    0.004026384   23.298326492
    0.002133288   23.412136078
    0.004043702   23.412136078
    0.002133288   23.526508331
    0.004061094   23.526508331
    0.002124152   23.641433716
    0.004078561   23.641433716
    0.002124152   23.756925583
    0.004096104   23.756925583
    0.002115055   23.872982025
    0.004113722   23.872982025
    0.002115055   23.989599228
    0.004131418   23.989599228
    0.002105997   24.106792450
    0.004149188   24.106792450
    0.002105997   24.224559784
    0.004167034   24.224559784
    0.002096978   24.342901230
    0.004202957   24.342901230
    0.002105997   24.461812973
    0.004167034   24.461812973
    0.002115055   24.581314087
    0.004149188   24.581314087
    0.002124152   24.701398849
    0.004131418   24.701398849
    0.002124152   24.822061539
    0.004096104   24.822061539
    0.002133288   24.943323135
    0.004078561   24.943323135
    0.002142464   25.065174103
    0.004043702   25.065174103
    0.002151679   25.187616348
    0.004026384   25.187616348
    0.002151679   25.310661316
    0.003991970   25.310661316
    0.002160934   25.434309006
    0.003974873   25.434309006
    0.002170228   25.558553696
    0.003940899   25.558553696
    0.002151679   25.683410645
    0.003991970   25.683410645
    0.002133288   25.808879852
    0.004026384   25.808879852
    0.002115055   25.934961319
    0.004078561   25.934961319
    0.002105997   26.061651230
    0.004113722   26.061651230
    0.002087997   26.188966751
    0.004167034   26.188966751
    0.002070150   26.316904068
    0.004202957   26.316904068
    0.002052457   26.445459366
    0.004257423   26.445459366
    0.002034914   26.574649811
    0.004294123   26.574649811
    0.002026199   26.704465866
    0.004349770   26.704465866
    0.002008881   26.834920883
    0.004387269   26.834920883
    0.002017521   26.966014862
    0.004368480   26.966014862
    0.002017521   27.097742081
    0.004349770   27.097742081
    0.002026199   27.230117798
    0.004331142   27.230117798
    0.002034914   27.363134384
    0.004312593   27.363134384
    0.002043667   27.496809006
    0.004294123   27.496809006
    0.002052457   27.631135941
    0.004275735   27.631135941
    0.002061284   27.766111374
    0.004239190   27.766111374
    0.002061284   27.901754379
    0.004221035   27.901754379
    0.002070150   28.038059235
    0.004202957   28.038059235
    0.002079054   28.175029755
    0.004184957   28.175029755
    0.002079054   28.312662125
    0.004184957   28.312662125
    0.002079054   28.450975418
    0.004184957   28.450975418
    0.002079054   28.589963913
    0.004184957   28.589963913
    0.002070150   28.729621887
    0.004184957   28.729621887
    0.002070150   28.869972229
    0.004202957   28.869972229
    0.002070150   29.011007309
    0.004202957   29.011007309
    0.002061284   29.152723312
    0.004202957   29.152723312
    0.002061284   29.295139313
    0.004202957   29.295139313
    0.002061284   29.438251495
    0.004202957   29.438251495
    0.002061284   29.582054138
    0.004221035   29.582054138
    0.002061284   29.726568222
    0.004221035   29.726568222
    0.002061284   29.871788025
    0.004239190   29.871788025
    0.002061284   30.017717361
    0.004239190   30.017717361
    0.002061284   30.164350510
    0.004239190   30.164350510
    0.002070150   30.311708450
    0.004257423   30.311708450
    0.002070150   30.459787369
    0.004257423   30.459787369
    0.002070150   30.608579636
    0.004275735   30.608579636
    0.002070150   30.758108139
    0.004275735   30.758108139
    0.002079054   30.908359528
    0.004294123   30.908359528
    0.002079054   31.059350967
    0.004294123   31.059350967
    0.002079054   31.211082458
    0.004275735   31.211082458
    0.002087997   31.363546371
    0.004239190   31.363546371
    0.002096978   31.516761780
    0.004221035   31.516761780
    0.002096978   31.670719147
    0.004184957   31.670719147
    0.002105997   31.825435638
    0.004167034   31.825435638
    0.002115055   31.980909348
    0.004131418   31.980909348
    0.002115055   32.137130737
    0.004096104   32.137130737
    0.002124152   32.294128418
    0.004078561   32.294128418
    0.002133288   32.451889038
    0.004043702   32.451889038
    0.002133288   32.610424042
    0.004009140   32.610424042
    0.002124152   32.769721985
    0.004043702   32.769721985
    0.002115055   32.929809570
    0.004078561   32.929809570
    0.002105997   33.090675354
    0.004113722   33.090675354
    0.002096978   33.252323151
    0.004149188   33.252323151
    0.002087997   33.414764404
    0.004184957   33.414764404
    0.002079054   33.578002930
    0.004221035   33.578002930
    0.002070150   33.742027283
    0.004257423   33.742027283
    0.002061284   33.906864166
    0.004294123   33.906864166
    0.002052457   34.072505951
    0.004331142   34.072505951
    0.002043667   34.238945007
    0.004368480   34.238945007
    0.002043667   34.406208038
    0.004349770   34.406208038
    0.002034914   34.574291229
    0.004349770   34.574291229
    0.002034914   34.743190765
    0.004331142   34.743190765
    0.002026199   34.912910461
    0.004312593   34.912910461
    0.002017521   35.083465576
    0.004312593   35.083465576
    0.002017521   35.254852295
    0.004294123   35.254852295
    0.002008881   35.427070618
    0.004275735   35.427070618
    0.002000277   35.600139618
    0.004257423   35.600139618
    0.002000277   35.774040222
    0.004257423   35.774040222
    0.001991711   35.948802948
    0.004239190   35.948802948
    0.002000277   36.124420166
    0.004239190   36.124420166
    0.002008881   36.300884247
    0.004239190   36.300884247
    0.002026199   36.478221893
    0.004239190   36.478221893
    0.002034914   36.656414032
    0.004239190   36.656414032
    0.002052457   36.835487366
    0.004221035   36.835487366
    0.002061284   37.015434265
    0.004221035   37.015434265
    0.002070150   37.196250916
    0.004221035   37.196250916
    0.002087997   37.377964020
    0.004221035   37.377964020
    0.002096978   37.560562134
    0.004221035   37.560562134
    0.002115055   37.744049072
    0.004221035   37.744049072
    0.002124152   37.928428650
    0.004202957   37.928428650
    0.002133288   38.113712311
    0.004167034   38.113712311
    0.002142464   38.299907684
    0.004131418   38.299907684
    0.002151679   38.486999512
    0.004113722   38.486999512
    0.002160934   38.675014496
    0.004078561   38.675014496
    0.002179563   38.863948822
    0.004043702   38.863948822
    0.002188937   39.053794861
    0.004009140   39.053794861
    0.002198352   39.244579315
    0.003974873   39.244579315
    0.002207808   39.436298370
    0.003940899   39.436298370
    0.002226841   39.628940582
    0.003907216   39.628940582
    0.002198352   39.822532654
    0.003940899   39.822532654
    0.002179563   40.017074585
    0.003991970   40.017074585
    0.002151679   40.212566376
    0.004026384   40.212566376
    0.002124152   40.409000397
    0.004061094   40.409000397
    0.002105997   40.606403351
    0.004096104   40.606403351
    0.002087997   40.804775238
    0.004131418   40.804775238
    0.002061284   41.004100800
    0.004167034   41.004100800
    0.002043667   41.204414368
    0.004202957   41.204414368
    0.002026199   41.405704498
    0.004239190   41.405704498
    0.002000277   41.607978821
    0.004257423   41.607978821
    0.002008881   41.811229706
    0.004275735   41.811229706
    0.002017521   42.015487671
    0.004257423   42.015487671
    0.002026199   42.220737457
    0.004257423   42.220737457
    0.002034914   42.426982880
    0.004257423   42.426982880
    0.002043667   42.634246826
    0.004257423   42.634246826
    0.002061284   42.842521667
    0.004257423   42.842521667
    0.002070150   43.051803589
    0.004257423   43.051803589
    0.002079054   43.262119293
    0.004257423   43.262119293
    0.002087997   43.473453522
    0.004257423   43.473453522
    0.002096978   43.685829163
    0.004257423   43.685829163
    0.002096978   43.899242401
    0.004239190   43.899242401
    0.002105997   44.113685608
    0.004202957   44.113685608
    0.002105997   44.329189301
    0.004167034   44.329189301
    0.002105997   44.545730591
    0.004149188   44.545730591
    0.002115055   44.763343811
    0.004113722   44.763343811
    0.002115055   44.982021332
    0.004096104   44.982021332
    0.002124152   45.201755524
    0.004061094   45.201755524
    0.002124152   45.422573090
    0.004026384   45.422573090
    0.002124152   45.644470215
    0.004009140   45.644470215
    0.002133288   45.867439270
    0.003974873   45.867439270
    0.002124152   46.091510773
    0.004009140   46.091510773
    0.002105997   46.316677094
    0.004043702   46.316677094
    0.002096978   46.542942047
    0.004096104   46.542942047
    0.002087997   46.770298004
    0.004131418   46.770298004
    0.002079054   46.998783112
    0.004167034   46.998783112
    0.002070150   47.228378296
    0.004221035   47.228378296
    0.002061284   47.459083557
    0.004257423   47.459083557
    0.002052457   47.690929413
    0.004294123   47.690929413
    0.002043667   47.923908234
    0.004331142   47.923908234
    0.002034914   48.158027649
    0.004387269   48.158027649
    0.002043667   48.393276215
    0.004368480   48.393276215
    0.002052457   48.629684448
    0.004349770   48.629684448
    0.002061284   48.867248535
    0.004331142   48.867248535
    0.002061284   49.105960846
    0.004312593   49.105960846
    0.002070150   49.345851898
    0.004294123   49.345851898
    0.002079054   49.586914062
    0.004257423   49.586914062
    0.002087997   49.829143524
    0.004239190   49.829143524
    0.002096978   50.072566986
    0.004221035   50.072566986
    0.002105997   50.317169189
    0.004202957   50.317169189
    0.002115055   50.562976837
    0.004184957   50.562976837
    0.002096978   50.809986115
    0.004202957   50.809986115
    0.002087997   51.058185577
    0.004221035   51.058185577
    0.002070150   51.307617188
    0.004239190   51.307617188
    0.002061284   51.558246613
    0.004257423   51.558246613
    0.002043667   51.810119629
    0.004294123   51.810119629
    0.002034914   52.063220978
    0.004312593   52.063220978
    0.002017521   52.317546844
    0.004331142   52.317546844
    0.002008881   52.573127747
    0.004349770   52.573127747
    0.002000277   52.829956055
    0.004368480   52.829956055
    0.001983181   53.088024139
    0.004387269   53.088024139
    0.002000277   53.347370148
    0.004349770   53.347370148
    0.002017521   53.607982635
    0.004331142   53.607982635
    0.002026199   53.869865417
    0.004294123   53.869865417
    0.002043667   54.133014679
    0.004257423   54.133014679
    0.002061284   54.397464752
    0.004221035   54.397464752
    0.002079054   54.663204193
    0.004184957   54.663204193
    0.002096978   54.930229187
    0.004149188   54.930229187
    0.002115055   55.198574066
    0.004113722   55.198574066
    0.002142464   55.468215942
    0.004078561   55.468215942
    0.002160934   55.739185333
    0.004043702   55.739185333
    0.002151679   56.011482239
    0.004043702   56.011482239
    0.002151679   56.285095215
    0.004061094   56.285095215
    0.002142464   56.560054779
    0.004061094   56.560054779
    0.002133288   56.836345673
    0.004061094   56.836345673
    0.002124152   57.114002228
    0.004078561   57.114002228
    0.002124152   57.393013000
    0.004078561   57.393013000
    0.002115055   57.673374176
    0.004096104   57.673374176
    0.002105997   57.955120087
    0.004096104   57.955120087
    0.002096978   58.238239288
    0.004113722   58.238239288
    0.002096978   58.522743225
    0.004113722   58.522743225
    0.002087997   58.808624268
    0.004131418   58.808624268
    0.002087997   59.095912933
    0.004131418   59.095912933
    0.002087997   59.384609222
    0.004149188   59.384609222
    0.002087997   59.674694061
    0.004149188   59.674694061
    0.002087997   59.966217041
    0.004167034   59.966217041
    0.002079054   60.259162903
    0.004167034   60.259162903
    0.002079054   60.553524017
    0.004184957   60.553524017
    0.002079054   60.849338531
    0.004202957   60.849338531
    0.002079054   61.146598816
    0.004202957   61.146598816
    0.002070150   61.445293427
    0.004221035   61.445293427
    0.002061284   61.745464325
    0.004239190   61.745464325
    0.002061284   62.047103882
    0.004257423   62.047103882
    0.002052457   62.350215912
    0.004275735   62.350215912
    0.002043667   62.654788971
    0.004294123   62.654788971
    0.002034914   62.960868835
    0.004331142   62.960868835
    0.002026199   63.268444061
    0.004349770   63.268444061
    0.002017521   63.577503204
    0.004368480   63.577503204
    0.002008881   63.888092041
    0.004387269   63.888092041
    0.002000277   64.200195312
    0.004406139   64.200195312
    0.001991711   64.513824463
    0.004425091   64.513824463
    0.002000277   64.828971863
    0.004425091   64.828971863
    0.002000277   65.145675659
    0.004406139   65.145675659
    0.002008881   65.463920593
    0.004406139   65.463920593
    0.002008881   65.783706665
    0.004387269   65.783706665
    0.002017521   66.105072021
    0.004387269   66.105072021
    0.002017521   66.428009033
    0.004368480   66.428009033
    0.002026199   66.752502441
    0.004368480   66.752502441
    0.002026199   67.078598022
    0.004349770   67.078598022
    0.002034914   67.406272888
    0.004349770   67.406272888
    0.002034914   67.735565186
    0.004331142   67.735565186
    0.002043667   68.066467285
    0.004312593   68.066467285
    0.002052457   68.398963928
    0.004294123   68.398963928
    0.002061284   68.733100891
    0.004275735   68.733100891
    0.002070150   69.068855286
    0.004257423   69.068855286
    0.002079054   69.406272888
    0.004239190   69.406272888
    0.002087997   69.745330811
    0.004221035   69.745330811
    0.002105997   70.086036682
    0.004202957   70.086036682
    0.002115055   70.428413391
    0.004184957   70.428413391
    0.002124152   70.772468567
    0.004149188   70.772468567
    0.002133288   71.118186951
    0.004131418   71.118186951
    0.002124152   71.465614319
    0.004149188   71.465614319
    0.002115055   71.814735413
    0.004167034   71.814735413
    0.002105997   72.165565491
    0.004167034   72.165565491
    0.002087997   72.518089294
    0.004184957   72.518089294
    0.002079054   72.872352600
    0.004202957   72.872352600
    0.002070150   73.228347778
    0.004202957   73.228347778
    0.002061284   73.586059570
    0.004221035   73.586059570
    0.002052457   73.945541382
    0.004239190   73.945541382
    0.002043667   74.306777954
    0.004239190   74.306777954
    0.002034914   74.669776917
    0.004257423   74.669776917
    0.002026199   75.034530640
    0.004275735   75.034530640
    0.002026199   75.401092529
    0.004294123   75.401092529
    0.002026199   75.769439697
    0.004312593   75.769439697
    0.002017521   76.139564514
    0.004331142   76.139564514
    0.002017521   76.511520386
    0.004349770   76.511520386
    0.002017521   76.885292053
    0.004368480   76.885292053
    0.002008881   77.260871887
    0.004387269   77.260871887
    0.002008881   77.638305664
    0.004406139   77.638305664
    0.002008881   78.017562866
    0.004425091   78.017562866
    0.002008881   78.398689270
    0.004444124   78.398689270
    0.002008881   78.781684875
    0.004425091   78.781684875
    0.002008881   79.166519165
    0.004425091   79.166519165
    0.002008881   79.553268433
    0.004406139   79.553268433
    0.002008881   79.941879272
    0.004406139   79.941879272
    0.002008881   80.332405090
    0.004387269   80.332405090
    0.002017521   80.724845886
    0.004387269   80.724845886
    0.002017521   81.119178772
    0.004368480   81.119178772
    0.002017521   81.515457153
    0.004368480   81.515457153
    0.002017521   81.913681030
    0.004349770   81.913681030
    0.002017521   82.313819885
    0.004349770   82.313819885
    0.002026199   82.715934753
    0.004331142   82.715934753
    0.002034914   83.120018005
    0.004294123   83.120018005
    0.002043667   83.526077271
    0.004275735   83.526077271
    0.002052457   83.934089661
    0.004257423   83.934089661
    0.002061284   84.344123840
    0.004239190   84.344123840
    0.002070150   84.756164551
    0.004202957   84.756164551
    0.002079054   85.170188904
    0.004184957   85.170188904
    0.002087997   85.586257935
    0.004167034   85.586257935
    0.002096978   86.004364014
    0.004131418   86.004364014
    0.002105997   86.424507141
    0.004113722   86.424507141
    0.002096978   86.846687317
    0.004131418   86.846687317
    0.002096978   87.270950317
    0.004149188   87.270950317
    0.002087997   87.697280884
    0.004167034   87.697280884
    0.002087997   88.125671387
    0.004184957   88.125671387
    0.002079054   88.556182861
    0.004184957   88.556182861
    0.002070150   88.988800049
    0.004202957   88.988800049
    0.002070150   89.423500061
    0.004221035   89.423500061
    0.002061284   89.860351562
    0.004239190   89.860351562
    0.002061284   90.299308777
    0.004257423   90.299308777
    0.002052457   90.740440369
    0.004275735   90.740440369
    0.002061284   91.183723450
    0.004275735   91.183723450
    0.002070150   91.629142761
    0.004257423   91.629142761
    0.002079054   92.076766968
    0.004239190   92.076766968
    0.002087997   92.526557922
    0.004221035   92.526557922
    0.002096978   92.978561401
    0.004202957   92.978561401
    0.002105997   93.432785034
    0.004184957   93.432785034
    0.002115055   93.889190674
    0.004167034   93.889190674
    0.002124152   94.347854614
    0.004149188   94.347854614
    0.002133288   94.808761597
    0.004149188   94.808761597
    0.002142464   95.271896362
    0.004131418   95.271896362
    0.002142464   95.737312317
    0.004131418   95.737312317
    0.002142464   96.205009460
    0.004131418   96.205009460
    0.002142464   96.674987793
    0.004131418   96.674987793
    0.002142464   97.147239685
    0.004131418   97.147239685
    0.002142464   97.621818542
    0.004131418   97.621818542
    0.002142464   98.087326050
    0.004131418   98.087326050
    0.002151679   98.555084229
    0.004131418   98.555084229
    0.002151679   99.025047302
    0.004131418   99.025047302
    0.002151679   99.497253418
    0.004131418   99.497253418
    0.002151679   99.971733093
    0.004131418   99.971733093
    0.002151679  100.448417664
    0.004131418  100.448417664
    0.002151679  100.927436829
    0.004131418  100.927436829
    0.002151679  101.408737183
    0.004131418  101.408737183
    0.002151679  101.892280579
    0.004131418  101.892280579
