    0.962330759    0.022244306
    0.954105616    0.022352975
    0.945950806    0.022462172
    0.937865674    0.022571897
    0.925867379    0.022682166
    0.917953849    0.022792965
    0.906210244    0.022904314
    0.898464799    0.023016205
    0.890785515    0.023128638
    0.879389524    0.023241624
    0.871873260    0.023355158
    0.864421308    0.023469253
    0.853362560    0.023583904
    0.846068799    0.023699109
    0.838837385    0.023814883
    0.828105927    0.023931224
    0.821028054    0.024048131
    0.814010620    0.024165604
    0.803596795    0.024283659
    0.796728313    0.024402289
    0.789918602    0.024521491
    0.783167124    0.024641283
    0.773147881    0.024761660
    0.766539693    0.024882618
    0.759988010    0.025004175
    0.750265300    0.025126318
    0.743852735    0.025249064
    0.737494946    0.025372410
    0.728060007    0.025496352
    0.721837163    0.025620906
    0.715667546    0.025746062
    0.706511915    0.025871836
    0.700473249    0.025998225
    0.694486260    0.026125224
    0.685601532    0.026252851
    0.679741621    0.026381100
    0.673931777    0.026509969
    0.668171585    0.026639475
    0.659623563    0.026769614
    0.653985679    0.026900388
    0.648396015    0.027031794
    0.640100956    0.027163850
    0.634629905    0.027296551
    0.629205704    0.027429890
    0.621156096    0.027563890
    0.615846992    0.027698545
    0.610583305    0.027833859
    0.605364561    0.027969824
    0.597620010    0.028106460
    0.592512131    0.028243767
    0.587447822    0.028381735
    0.579932511    0.028520385
    0.574975729    0.028659711
    0.570061386    0.028799711
    0.565189004    0.028940404
    0.557958424    0.029081782
    0.553189516    0.029223844
    0.548461318    0.029366609
    0.541444719    0.029510070
    0.536816955    0.029654231
    0.532228708    0.029799089
    0.525419772    0.029944664
    0.520929039    0.030090949
    0.516476572    0.030237939
    0.509869158    0.030385658
    0.505511284    0.030534089
    0.501190603    0.030683253
    0.496906877    0.030833146
    0.490549833    0.030983763
    0.486357033    0.031135125
    0.482200116    0.031287216
    0.476031214    0.031440061
    0.471962541    0.031593651
    0.467928618    0.031747982
    0.463929176    0.031903077
    0.457994044    0.032058928
    0.454079509    0.032215543
    0.450198442    0.032372914
    0.444438964    0.032531060
    0.440640271    0.032689981
    0.436874062    0.032849669
    0.433140069    0.033010144
    0.427598804    0.033171404
    0.423944086    0.033333443
    0.420320600    0.033496283
    0.416728079    0.033659913
    0.411396772    0.033824347
    0.407880515    0.033989582
    0.404394329    0.034155618
    0.400937915    0.034322474
    0.395808637    0.034490138
    0.392425627    0.034658629
    0.389071524    0.034827944
    0.384094059    0.034998074
    0.380811155    0.035169046
    0.377556324    0.035340853
    0.374329329    0.035513490
    0.369540453    0.035686977
    0.366381943    0.035861317
    0.363250434    0.036036506
    0.360145688    0.036212541
    0.355538249    0.036389444
    0.352499425    0.036567215
    0.349486589    0.036745843
    0.346499473    0.036925353
    0.342066646    0.037105739
    0.339142978    0.037287008
    0.336244285    0.037469149
    0.333370358    0.037652194
    0.329105496    0.037836131
    0.326292574    0.038020957
    0.323503733    0.038206697
    0.320738703    0.038393345
    0.316635430    0.038580891
    0.313929111    0.038769364
    0.311245918    0.038958762
    0.308585674    0.039149072
    0.304637879    0.039340321
    0.302034110    0.039532505
    0.299452603    0.039725628
    0.296893150    0.039919686
    0.293094933    0.040114701
    0.290589809    0.040310670
    0.288106114    0.040507581
    0.285643637    0.040705469
    0.281989336    0.040904310
    0.279579133    0.041104134
    0.277189553    0.041304938
    0.274820387    0.041506708
    0.271304548    0.041709475
    0.268985689    0.041913223
    0.266686648    0.042117976
    0.264407188    0.042323731
    0.261024594    0.042530477
    0.258793592    0.042738248
    0.256581634    0.042947032
    0.254388601    0.043156836
    0.251134187    0.043367650
    0.248987734    0.043579511
    0.246859610    0.043792404
    0.244749680    0.044006325
    0.242657781    0.044221304
    0.239553407    0.044437334
    0.237505913    0.044654407
    0.235475928    0.044872552
    0.233463287    0.045091763
    0.230476514    0.045312032
    0.228506610    0.045533389
    0.226553530    0.045755826
    0.224617153    0.045979351
    0.221743584    0.046203956
    0.219848320    0.046429671
    0.217969254    0.046656489
    0.215180725    0.046884403
    0.213341549    0.047113441
    0.211518109    0.047343586
    0.209710240    0.047574867
    0.207027361    0.047807280
    0.205257878    0.048040811
    0.203503519    0.048275501
    0.201764166    0.048511323
    0.199182943    0.048748307
    0.197480515    0.048986454
    0.195792630    0.049225748
    0.194119170    0.049466223
    0.191635758    0.049707875
    0.189997822    0.049950708
    0.188373893    0.050194710
    0.186763838    0.050439920
    0.184374541    0.050686330
    0.182798669    0.050933927
    0.181236267    0.051182751
    0.178917676    0.051432785
    0.177388445    0.051684029
    0.175872296    0.051936515
    0.174369097    0.052190237
    0.172138348    0.052445181
    0.170667067    0.052701384
    0.169208363    0.052958839
    0.167762116    0.053217553
    0.165615901    0.053477515
    0.164200366    0.053738765
    0.162796929    0.054001287
    0.160714224    0.054265078
    0.159340590    0.054530174
    0.157978684    0.054796547
    0.156628430    0.055064239
    0.970626831    0.055064239
    0.154624641    0.055333238
    0.962330759    0.055333238
    0.153303057    0.055603534
    0.950019479    0.055603534
    0.151992753    0.055875167
    0.941899538    0.055875167
    0.150693655    0.056148112
    0.933849037    0.056148112
    0.148765802    0.056422409
    0.921902120    0.056422409
    0.147494286    0.056698039
    0.914022505    0.056698039
    0.146233633    0.056975007
    0.906210244    0.056975007
    0.144362822    0.057253338
    0.898464799    0.057253338
    0.143128932    0.057533033
    0.886970520    0.057533033
    0.141905606    0.057814091
    0.879389524    0.057814091
    0.140692711    0.058096506
    0.871873260    0.058096506
    0.138892800    0.058380321
    0.860719204    0.058380321
    0.137705669    0.058665518
    0.853362560    0.058665518
    0.136528686    0.058952093
    0.846068799    0.058952093
    0.134782046    0.059240084
    0.835244834    0.059240084
    0.133630052    0.059529483
    0.828105927    0.059529483
    0.132487908    0.059820279
    0.821028054    0.059820279
    0.131355524    0.060112514
    0.814010620    0.060112514
    0.129675061    0.060406171
    0.807053149    0.060406171
    0.128566712    0.060701251
    0.796728313    0.060701251
    0.127467841    0.060997788
    0.789918602    0.060997788
    0.125837117    0.061295774
    0.783167124    0.061295774
    0.124761574    0.061595213
    0.773147881    0.061595213
    0.123695225    0.061896101
    0.766539693    0.061896101
    0.122637987    0.062198475
    0.759988010    0.062198475
    0.121069051    0.062502325
    0.750265300    0.062502325
    0.120034263    0.062807642
    0.743852735    0.062807642
    0.119008318    0.063114472
    0.737494946    0.063114472
    0.117485821    0.063422777
    0.731191456    0.063422777
    0.116481654    0.063732609
    0.724941909    0.063732609
    0.115486078    0.064043954
    0.715667546    0.064043954
    0.114008635    0.064356804
    0.709550738    0.064356804
    0.113034196    0.064671196
    0.703486085    0.064671196
    0.112068079    0.064987108
    0.694486260    0.064987108
    0.111110225    0.065304585
    0.688550413    0.065304585
    0.109688766    0.065623611
    0.682665288    0.065623611
    0.108751245    0.065944172
    0.676830471    0.065944172
    0.107821733    0.066266321
    0.668171585    0.066266321
    0.106442347    0.066590048
    0.662460685    0.066590048
    0.105532579    0.066915348
    0.656798542    0.066915348
    0.104630575    0.067242227
    0.651184857    0.067242227
    0.103736289    0.067570716
    0.642854095    0.067570716
    0.102409154    0.067900814
    0.637359560    0.067900814
    0.101533853    0.068232499
    0.631911993    0.068232499
    0.100666031    0.068565831
    0.623827815    0.068565831
    0.099378191    0.068900786
    0.618495822    0.068900786
    0.098528795    0.069237359
    0.613209486    0.069237359
    0.097686663    0.069575593
    0.607968330    0.069575593
    0.096851721    0.069915488
    0.602771997    0.069915488
    0.095612675    0.070257016
    0.597620010    0.070257016
    0.094795465    0.070600234
    0.589974523    0.070600234
    0.093985237    0.070945129
    0.584931970    0.070945129
    0.093181938    0.071291707
    0.577448785    0.071291707
    0.091989845    0.071639962
    0.572513282    0.071639962
    0.091203593    0.071989939
    0.567619979    0.071989939
    0.090424068    0.072341621
    0.560358286    0.072341621
    0.089651205    0.072695002
    0.555568874    0.072695002
    0.088504277    0.073050134
    0.550820351    0.073050134
    0.087747820    0.073406972
    0.546112418    0.073406972
    0.086997837    0.073765583
    0.541444719    0.073765583
    0.086254254    0.074125938
    0.534517884    0.074125938
    0.085150786    0.074488036
    0.529949307    0.074488036
    0.084422991    0.074851923
    0.525419772    0.074851923
    0.083701424    0.075217567
    0.518698037    0.075217567
    0.082986020    0.075585023
    0.514264643    0.075585023
    0.081924357    0.075954266
    0.509869158    0.075954266
    0.081224144    0.076325297
    0.505511284    0.076325297
    0.080529913    0.076698162
    0.499044120    0.076698162
    0.079499677    0.077072844
    0.494778752    0.077072844
    0.078820184    0.077449359
    0.490549833    0.077449359
    0.078146502    0.077827692
    0.486357033    0.077827692
    0.077478573    0.078207895
    0.480134964    0.078207895
    0.076487370    0.078589953
    0.476031214    0.078589953
    0.075833626    0.078973860
    0.471962541    0.078973860
    0.075185470    0.079359658
    0.465924621    0.079359658
    0.074542850    0.079747342
    0.461942315    0.079747342
    0.073905729    0.080136903
    0.457994044    0.080136903
    0.072960235    0.080528386
    0.454079509    0.080528386
    0.072336636    0.080921784
    0.450198442    0.080921784
    0.071718365    0.081317075
    0.446350574    0.081317075
    0.071105383    0.081714325
    0.440640271    0.081714325
    0.070195720    0.082113512
    0.436874062    0.082113512
    0.069595747    0.082514651
    0.431285053    0.082514651
    0.069000907    0.082917728
    0.427598804    0.082917728
    0.068411149    0.083322801
    0.423944086    0.083322801
    0.067535952    0.083729848
    0.420320600    0.083729848
    0.066958711    0.084138855
    0.414943337    0.084138855
    0.066386409    0.084549889
    0.411396772    0.084549889
    0.065818995    0.084962934
    0.407880515    0.084962934
    0.065256439    0.085377991
    0.404394329    0.085377991
    0.064421594    0.085795052
    0.400937915    0.085795052
    0.063870981    0.086214177
    0.395808637    0.086214177
    0.063325070    0.086635351
    0.392425627    0.086635351
    0.062783822    0.087058559
    0.389071524    0.087058559
    0.061980616    0.087483853
    0.384094059    0.087483853
    0.061450861    0.087911226
    0.380811155    0.087911226
    0.060925633    0.088340670
    0.377556324    0.088340670
    0.060404897    0.088772230
    0.374329329    0.088772230
    0.059888609    0.089205869
    0.369540453    0.089205869
    0.059122439    0.089641660
    0.366381943    0.089641660
    0.058617115    0.090079576
    0.363250434    0.090079576
    0.058116108    0.090519607
    0.360145688    0.090519607
    0.057619385    0.090961806
    0.355538249    0.090961806
    0.057126906    0.091406152
    0.352499425    0.091406152
    0.056396071    0.091852687
    0.349486589    0.091852687
    0.055914048    0.092301399
    0.345015526    0.092301399
    0.055436142    0.092752285
    0.342066646    0.092752285
    0.054962326    0.093205392
    0.339142978    0.093205392
    0.054492556    0.093660720
    0.336244285    0.093660720
    0.053795408    0.094118245
    0.333370358    0.094118245
    0.053335611    0.094578028
    0.329105496    0.094578028
    0.052879747    0.095040061
    0.326292574    0.095040061
    0.052427780    0.095504351
    0.322118253    0.095504351
    0.051757071    0.095970877
    0.319365084    0.095970877
    0.051314700    0.096439712
    0.316635430    0.096439712
    0.050876107    0.096910842
    0.313929111    0.096910842
    0.050441265    0.097384237
    0.309912950    0.097384237
    0.050010137    0.097859979
    0.307264090    0.097859979
    0.049370348    0.098338045
    0.304637879    0.098338045
    0.048948374    0.098818414
    0.302034110    0.098818414
    0.048530009    0.099301159
    0.299452603    0.099301159
    0.048115216    0.099786267
    0.295621634    0.099786267
    0.047703970    0.100273713
    0.293094933    0.100273713
    0.047093686    0.100763567
    0.289345294    0.100763567
    0.046691168    0.101255797
    0.286872238    0.101255797
    0.046292096    0.101750441
    0.284420311    0.101750441
    0.045896433    0.102247506
    0.281989336    0.102247506
    0.045504149    0.102746993
    0.279579133    0.102746993
    0.044921994    0.103248917
    0.276002437    0.103248917
    0.044538040    0.103753306
    0.273643404    0.103753306
    0.044157371    0.104260147
    0.271304548    0.104260147
    0.043779954    0.104769461
    0.267833680    0.104769461
    0.043405760    0.105281264
    0.265544504    0.105281264
    0.042850461    0.105795585
    0.263274819    0.105795585
    0.042484213    0.106312394
    0.259906679    0.106312394
    0.042121097    0.106831737
    0.257685244    0.106831737
    0.041761085    0.107353628
    0.255482763    0.107353628
    0.041226827    0.107878059
    0.253299147    0.107878059
    0.040874455    0.108405061
    0.251134187    0.108405061
    0.040525097    0.108934626
    0.248987734    0.108934626
    0.040178727    0.109466776
    0.245802373    0.109466776
    0.039835315    0.110001542
    0.243701473    0.110001542
    0.039325692    0.110538900
    0.240583748    0.110538900
    0.038989570    0.111078903
    0.238527462    0.111078903
    0.038656324    0.111621529
    0.236488745    0.111621529
    0.038325924    0.112166807
    0.234467447    0.112166807
    0.037998348    0.112714760
    0.231467828    0.112714760
    0.037512228    0.113265380
    0.229489446    0.113265380
    0.037191607    0.113818683
    0.227527976    0.113818683
    0.036873728    0.114374690
    0.225583270    0.114374690
    0.036558565    0.114933431
    0.222697333    0.114933431
    0.036246095    0.115494892
    0.220793918    0.115494892
    0.035782389    0.116059087
    0.218906775    0.116059087
    0.035476554    0.116626054
    0.216106251    0.116626054
    0.035173330    0.117195778
    0.214259163    0.117195778
    0.034872703    0.117768288
    0.212427869    0.117768288
    0.034574643    0.118343607
    0.210612223    0.118343607
    0.034132320    0.118921719
    0.207917824    0.118921719
    0.033840589    0.119502671
    0.206140727    0.119502671
    0.033551350    0.120086446
    0.204378828    0.120086446
    0.033264581    0.120673075
    0.202631980    0.120673075
    0.032980267    0.121262588
    0.200039655    0.121262588
    0.032558344    0.121854961
    0.198329896    0.121854961
    0.032280065    0.122450240
    0.196634755    0.122450240
    0.032004163    0.123048417
    0.194119170    0.123048417
    0.031730618    0.123649515
    0.192460015    0.123649515
    0.031459413    0.124253564
    0.190815032    0.124253564
    0.031056948    0.124860547
    0.189184114    0.124860547
    0.030791501    0.125470504
    0.187567145    0.125470504
    0.030528322    0.126083449
    0.185167551    0.126083449
    0.030267393    0.126699373
    0.183584914    0.126699373
    0.029880177    0.127318293
    0.182015792    0.127318293
    0.029624788    0.127940252
    0.179687217    0.127940252
    0.029371582    0.128565267
    0.178151414    0.128565267
    0.029120540    0.129193306
    0.176628739    0.129193306
    0.028871644    0.129824430
    0.174369097    0.129824430
    0.028502282    0.130458638
    0.172878742    0.130458638
    0.028258670    0.131095931
    0.171401128    0.131095931
    0.028017141    0.131736353
    0.169936150    0.131736353
    0.027777676    0.132379889
    0.168483689    0.132379889
    0.027422309    0.133026585
    0.166328236    0.133026585
    0.027187929    0.133676425
    0.164906606    0.133676425
    0.026955551    0.134329438
    0.163497135    0.134329438
    0.026725158    0.134985670
    0.161405489    0.134985670
    0.026383258    0.135645077
    0.160025939    0.135645077
    0.026157757    0.136307701
    0.158658177    0.136307701
    0.025934184    0.136973590
    0.157302111    0.136973590
    0.025712522    0.137642711
    0.155289710    0.137642711
    0.025383577    0.138315111
    0.153962433    0.138315111
    0.025166621    0.138990805
    0.152646497    0.138990805
    0.024951519    0.139669776
    0.151341811    0.139669776
    0.024738256    0.140352070
    0.149405673    0.140352070
    0.024526816    0.141037703
    0.148128688    0.141037703
    0.024213038    0.141726688
    0.146862611    0.141726688
    0.024006087    0.142419025
    0.144983768    0.142419025
    0.023800906    0.143114761
    0.143744558    0.143114761
    0.023597477    0.143813893
    0.142515957    0.143813893
    0.023295589    0.144516438
    0.141297862    0.144516438
    0.023096479    0.145222425
    0.140090168    0.145222425
    0.022899071    0.145931840
    0.138892800    0.145931840
    0.022703350    0.146644726
    0.137115926    0.146644726
    0.022412902    0.147361115
    0.135943979    0.147361115
    0.022221336    0.148080975
    0.134782046    0.148080975
    0.022031408    0.148804381
    0.133057758    0.148804381
    0.021843104    0.149531290
    0.131920502    0.149531290
    0.021563660    0.150261760
    0.130792961    0.150261760
    0.021379353    0.150995821
    0.129675061    0.150995821
    0.021196622    0.151733443
    0.128016099    0.151733443
    0.021015447    0.152474687
    0.126921922    0.152474687
    0.020746591    0.153219521
    0.125837117    0.153219521
    0.020569269    0.153968006
    0.124761574    0.153968006
    0.020393461    0.154720172
    0.123165473    0.154720172
    0.020219155    0.155475989
    0.122112766    0.155475989
    0.020046346    0.156235516
    0.121069051    0.156235516
    0.019789888    0.156998739
    0.119520187    0.156998739
    0.019620743    0.157765672
    0.118498638    0.157765672
    0.019453041    0.158536389
    0.117485821    0.158536389
    0.019286774    0.159310848
    0.116481654    0.159310848
    0.019040035    0.160089090
    0.115486078    0.160089090
    0.018877298    0.160871133
    0.114499003    0.160871133
    0.018715952    0.161657020
    0.113034196    0.161657020
    0.018555984    0.162446722
    0.112068079    0.162446722
    0.018318594    0.163240284
    0.111110225    0.163240284
    0.018162023    0.164037734
    0.109688766    0.164037734
    0.018006790    0.164839074
    0.108751245    0.164839074
    0.017852884    0.165644318
    0.107821733    0.165644318
    0.017624484    0.166453511
    0.106900170    0.166453511
    0.017473845    0.167266652
    0.105532579    0.167266652
    0.017324494    0.168083757
    0.104630575    0.168083757
    0.017176419    0.168904871
    0.103736289    0.168904871
    0.016956680    0.169729978
    0.102849633    0.169729978
    0.016811749    0.170559123
    0.101970568    0.170559123
    0.016668057    0.171392307
    0.100666031    0.171392307
    0.016525593    0.172229588
    0.099805631    0.172229588
    0.016384346    0.173070937
    0.098952584    0.173070937
    0.016174739    0.173916399
    0.097686663    0.173916399
    0.016036492    0.174766004
    0.096851721    0.174766004
    0.015899425    0.175619751
    0.096023925    0.175619751
    0.015763532    0.176477656
    0.095203198    0.176477656
    0.015561866    0.177339762
    0.094389483    0.177339762
    0.015428857    0.178206101
    0.093582727    0.178206101
    0.015296984    0.179076642
    0.092385501    0.179076642
    0.015166240    0.179951444
    0.091595873    0.179951444
    0.015036613    0.180830538
    0.090812996    0.180830538
    0.014844246    0.181713894
    0.089651205    0.181713894
    0.014717370    0.182601586
    0.088884950    0.182601586
    0.014591580    0.183493629
    0.088125236    0.183493629
    0.014466864    0.184389994
    0.087372027    0.184389994
    0.014343214    0.185290754
    0.086625248    0.185290754
    0.014159719    0.186195925
    0.085884854    0.186195925
    0.014038694    0.187105507
    0.084786110    0.187105507
    0.013918703    0.188019514
    0.084061429    0.188019514
    0.013799739    0.188938007
    0.082986020    0.188938007
    0.013681792    0.189861000
    0.082276724    0.189861000
    0.013506757    0.190788478
    0.081573501    0.190788478
    0.013391314    0.191720486
    0.080876283    0.191720486
    0.013276857    0.192657083
    0.079841614    0.192657083
    0.013163378    0.193598211
    0.079159200    0.193598211
    0.013050869    0.194543973
    0.078482620    0.194543973
    0.012939323    0.195494339
    0.077811822    0.195494339
    0.012773787    0.196449339
    0.077146754    0.196449339
    0.012664608    0.197409019
    0.076159798    0.197409019
    0.012556362    0.198373377
    0.075508855    0.198373377
    0.012449042    0.199342459
    0.074863471    0.199342459
    0.012342638    0.200316265
    0.073905729    0.200316265
    0.012237145    0.201294810
    0.073274046    0.201294810
    0.012080592    0.202278182
    0.072647765    0.202278182
    0.011977338    0.203266323
    0.072026841    0.203266323
    0.011874967    0.204259276
    0.071411215    0.204259276
    0.011773470    0.205257088
    0.070800856    0.205257088
    0.011672841    0.206259817
    0.069895089    0.206259817
    0.011573073    0.207267404
    0.069297686    0.207267404
    0.011425016    0.208279908
    0.068705395    0.208279908
    0.011327364    0.209297404
    0.067826428    0.209297404
    0.011230549    0.210319817
    0.067246713    0.210319817
    0.011134560    0.211347252
    0.066671945    0.211347252
    0.011039392    0.212379709
    0.066102095    0.212379709
    0.010945037    0.213417202
    0.065256439    0.213417202
    0.010851488    0.214459777
    0.064698681    0.214459777
    0.010712664    0.215507418
    0.064145699    0.215507418
    0.010621101    0.216560185
    0.063597441    0.216560185
    0.010530321    0.217618123
    0.062783822    0.217618123
    0.010440318    0.218681201
    0.062247202    0.218681201
    0.010351083    0.219749495
    0.061715171    0.219749495
    0.010262611    0.220822975
    0.061187685    0.220822975
    0.010174896    0.221901715
    0.060404897    0.221901715
    0.010044727    0.222985744
    0.059888609    0.222985744
    0.009958873    0.224075034
    0.059376735    0.224075034
    0.009873753    0.225169659
    0.058869235    0.225169659
    0.009789362    0.226269647
    0.058366075    0.226269647
    0.009705691    0.227374986
    0.057619385    0.227374986
    0.009622735    0.228485718
    0.057126906    0.228485718
    0.009540489    0.229601875
    0.056638636    0.229601875
    0.009458945    0.230723530
    0.055914048    0.230723530
    0.009337935    0.231850624
    0.055436142    0.231850624
    0.009258123    0.232983217
    0.054962326    0.232983217
    0.009178992    0.234121382
    0.054492556    0.234121382
    0.009100539    0.235265076
    0.054026805    0.235265076
    0.009022756    0.236414358
    0.053335611    0.236414358
    0.008945637    0.237569258
    0.052879747    0.237569258
    0.008869178    0.238729820
    0.052427780    0.238729820
    0.008793372    0.239896029
    0.051979672    0.239896029
    0.008718214    0.241067931
    0.051314700    0.241067931
    0.008606681    0.242245600
    0.050876107    0.242245600
    0.008533118    0.243428975
    0.050441265    0.243428975
    0.008460185    0.244618133
    0.049795959    0.244618133
    0.008387875    0.245813131
    0.049370348    0.245813131
    0.008316183    0.247013941
    0.048948374    0.247013941
    0.008245103    0.248220652
    0.048530009    0.248220652
    0.008174632    0.249433219
    0.048115216    0.249433219
    0.008104762    0.250651717
    0.047499668    0.250651717
    0.008035490    0.251876205
    0.047093686    0.251876205
    0.007966810    0.253106624
    0.046691168    0.253106624
    0.007898717    0.254343092
    0.046093840    0.254343092
    0.007797667    0.255585581
    0.045699872    0.255585581
    0.007731020    0.256834120
    0.045309257    0.256834120
    0.007664942    0.258088797
    0.044921994    0.258088797
    0.007599429    0.259349585
    0.044538040    0.259349585
    0.007534476    0.260616511
    0.043968257    0.260616511
    0.007470077    0.261889666
    0.043592457    0.261889666
    0.007406230    0.263169020
    0.043219864    0.263169020
    0.007342928    0.264454603
    0.042850461    0.264454603
    0.007280168    0.265746474
    0.042302266    0.265746474
    0.007217943    0.267044693
    0.041940704    0.267044693
    0.007156251    0.268349200
    0.041582234    0.268349200
    0.007095085    0.269660115
    0.041050263    0.269660115
    0.007034443    0.270977437
    0.040699404    0.270977437
    0.006944450    0.272301197
    0.040351540    0.272301197
    0.006885095    0.273631424
    0.040006652    0.273631424
    0.006826248    0.274968117
    0.039664712    0.274968117
    0.006767903    0.276311368
    0.039325692    0.276311368
    0.006710057    0.277661204
    0.038822591    0.277661204
    0.006652705    0.279017568
    0.038490769    0.279017568
    0.006595844    0.280380636
    0.038161784    0.280380636
    0.006539469    0.281750292
    0.037673574    0.281750292
    0.006483575    0.283126652
    0.037351575    0.283126652
    0.006428159    0.284509778
    0.037032325    0.284509778
    0.006373217    0.285899639
    0.036715806    0.285899639
    0.006318745    0.287296265
    0.036401995    0.287296265
    0.006264738    0.288699716
    0.036090862    0.288699716
    0.006211192    0.290110081
    0.035629142    0.290110081
    0.006158105    0.291527271
    0.035324618    0.291527271
    0.006105471    0.292951405
    0.035022695    0.292951405
    0.006053287    0.294382513
    0.034574643    0.294382513
    0.006001549    0.295820594
    0.034279127    0.295820594
    0.005950253    0.297265679
    0.033986140    0.297265679
    0.005899395    0.298717886
    0.033695657    0.298717886
    0.005848973    0.300177127
    0.033407658    0.300177127
    0.005798981    0.301643491
    0.032980267    0.301643491
    0.005749417    0.303117096
    0.032698382    0.303117096
    0.005700276    0.304597825
    0.032418903    0.304597825
    0.005651555    0.306085795
    0.032141816    0.306085795
    0.005603251    0.307581037
    0.031730618    0.307581037
    0.005555359    0.309083641
    0.031459413    0.309083641
    0.005507877    0.310593516
    0.031190528    0.310593516
    0.005460800    0.312110782
    0.030923940    0.312110782
    0.005414126    0.313635498
    0.030659629    0.313635498
    0.005367851    0.315167636
    0.030267393    0.315167636
    0.005321972    0.316707253
    0.030008696    0.316707253
    0.005276484    0.318254411
    0.029752208    0.318254411
    0.005231386    0.319809079
    0.029497914    0.319809079
    0.005186672    0.321371377
    0.029245792    0.321371377
    0.005142341    0.322941333
    0.028871644    0.322941333
    0.005098389    0.324518919
    0.028624875    0.324518919
    0.005054813    0.326104224
    0.028380215    0.326104224
    0.005011609    0.327697277
    0.028137647    0.327697277
    0.004968774    0.329298079
    0.027777676    0.329298079
    0.004926305    0.330906749
    0.027540257    0.330906749
    0.004884197    0.332523227
    0.027304867    0.332523227
    0.004842451    0.334147662
    0.027071491    0.334147662
    0.004801062    0.335779995
    0.026840108    0.335779995
    0.004760027    0.337420315
    0.026496736    0.337420315
    0.004739641    0.339068651
    0.026270267    0.339068651
    0.004699131    0.340725005
    0.026045732    0.340725005
    0.004658967    0.342389494
    0.025823116    0.342389494
    0.004619147    0.344062090
    0.025492756    0.344062090
    0.004579667    0.345742851
    0.025274865    0.345742851
    0.004540524    0.347431839
    0.025058839    0.347431839
    0.004501715    0.349129081
    0.024844659    0.349129081
    0.004463239    0.350834608
    0.024632309    0.350834608
    0.004425091    0.352548480
    0.024421774    0.352548480
    0.004387269    0.354270697
    0.024109341    0.354270697
    0.004349770    0.356001347
    0.023903277    0.356001347
    0.004312593    0.357740432
    0.023698973    0.357740432
    0.004275735    0.359488040
    0.023496415    0.359488040
    0.004239190    0.361244172
    0.023195820    0.361244172
    0.004221035    0.363008887
    0.022997564    0.363008887
    0.004184957    0.364782214
    0.022801001    0.364782214
    0.004149188    0.366564214
    0.022606118    0.366564214
    0.004113722    0.368354917
    0.022412902    0.368354917
    0.004078561    0.370154351
    0.022221336    0.370154351
    0.004043702    0.371962607
    0.022031408    0.371962607
    0.004009140    0.373779684
    0.021749556    0.373779684
    0.003974873    0.375605613
    0.021563660    0.375605613
    0.003940899    0.377440482
    0.021379353    0.377440482
    0.003924021    0.379284322
    0.021196622    0.379284322
    0.003890483    0.381137133
    0.020925444    0.381137133
    0.003857230    0.382999033
    0.020746591    0.382999033
    0.003824262    0.384870023
    0.020569269    0.384870023
    0.003791576    0.386750132
    0.020393461    0.386750132
    0.003759169    0.388639450
    0.020219155    0.388639450
    0.003727039    0.390538007
    0.020046346    0.390538007
    0.003695183    0.392445832
    0.019789888    0.392445832
    0.003679358    0.394362926
    0.019620743    0.394362926
    0.003647910    0.396289438
    0.019453041    0.396289438
    0.003616731    0.398225367
    0.019286774    0.398225367
    0.003585819    0.400170714
    0.019040035    0.400170714
    0.003555170    0.402125597
    0.018877298    0.402125597
    0.003524784    0.404090017
    0.018715952    0.404090017
    0.003509688    0.406064034
    0.018555984    0.406064034
    0.003479691    0.408047676
    0.018397385    0.408047676
    0.003449949    0.410041034
    0.018162023    0.410041034
    0.003420462    0.412044138
    0.018006790    0.412044138
    0.003391227    0.414056987
    0.017852884    0.414056987
    0.003376703    0.416079700
    0.017700288    0.416079700
    0.003347842    0.418112308
    0.017549003    0.418112308
    0.003319228    0.420154810
    0.017324494    0.420154810
    0.003290858    0.422207296
    0.017176419    0.422207296
    0.003262731    0.424269825
    0.017029611    0.424269825
    0.003248758    0.426342398
    0.016884059    0.426342398
    0.003220990    0.428425133
    0.016739748    0.428425133
    0.003193460    0.430518061
    0.016525593    0.430518061
    0.003166165    0.432621181
    0.016384346    0.432621181
    0.003152605    0.434734553
    0.016244309    0.434734553
    0.003125660    0.436858267
    0.016105467    0.436858267
    0.003098944    0.438992381
    0.015899425    0.438992381
    0.003072458    0.441136867
    0.015763532    0.441136867
    0.003046197    0.443291873
    0.015628800    0.443291873
    0.003033151    0.445457369
    0.015495218    0.445457369
    0.003007226    0.447633475
    0.015362780    0.447633475
    0.002981523    0.449820220
    0.015231472    0.449820220
    0.002968754    0.452017605
    0.015036613    0.452017605
    0.002943380    0.454225779
    0.014908093    0.454225779
    0.002918222    0.456444681
    0.014780672    0.456444681
    0.002905725    0.458674461
    0.014654340    0.458674461
    0.002880889    0.460915148
    0.014466864    0.460915148
    0.002856266    0.463166744
    0.014343214    0.463166744
    0.002831853    0.465429366
    0.014220621    0.465429366
    0.002819725    0.467703044
    0.014099076    0.467703044
    0.002795625    0.469987810
    0.013978570    0.469987810
    0.002771730    0.472283721
    0.013859094    0.472283721
    0.002759859    0.474590868
    0.013681792    0.474590868
    0.002736271    0.476909310
    0.013564852    0.476909310
    0.002724552    0.479239047
    0.013448912    0.479239047
    0.002701265    0.481580168
    0.013276857    0.481580168
    0.002678177    0.483932734
    0.013163378    0.483932734
    0.002666707    0.486296773
    0.013050869    0.486296773
    0.002643914    0.488672376
    0.012939323    0.488672376
    0.002621317    0.491059572
    0.012828729    0.491059572
    0.002610090    0.493458450
    0.012719080    0.493458450
    0.002587782    0.495869070
    0.012556362    0.495869070
    0.002576699    0.498291403
    0.012449042    0.498291403
    0.002554676    0.500725627
    0.012342638    0.500725627
    0.002543735    0.503171682
    0.012184736    0.503171682
    0.002521993    0.505629718
    0.012080592    0.505629718
    0.002500437    0.508099794
    0.011977338    0.508099794
    0.002489729    0.510581851
    0.011874967    0.510581851
    0.002468449    0.513076127
    0.011773470    0.513076127
    0.002457877    0.515582561
    0.011622850    0.515582561
    0.002436869    0.518101215
    0.011523508    0.518101215
    0.002426433    0.520632207
    0.011425016    0.520632207
    0.002405694    0.523175538
    0.011327364    0.523175538
    0.002395391    0.525731325
    0.011182452    0.525731325
    0.002374917    0.528299510
    0.011086874    0.528299510
    0.002364746    0.530880332
    0.010992114    0.530880332
    0.002344534    0.533473730
    0.010851488    0.533473730
    0.002334493    0.536079764
    0.010758740    0.536079764
    0.002314540    0.538698554
    0.010666784    0.538698554
    0.002304628    0.541330159
    0.010575614    0.541330159
    0.002284930    0.543974578
    0.010485223    0.543974578
    0.002275144    0.546631992
    0.010351083    0.546631992
    0.002265400    0.549302280
    0.010262611    0.549302280
    0.002246038    0.551985681
    0.010174896    0.551985681
    0.002236419    0.554682195
    0.010044727    0.554682195
    0.002226841    0.557391882
    0.009958873    0.557391882
    0.002207808    0.560114801
    0.009873753    0.560114801
    0.002198352    0.562851012
    0.009789362    0.562851012
    0.002179563    0.565600574
    0.009705691    0.565600574
    0.002170228    0.568363607
    0.009581524    0.568363607
    0.002160934    0.571140110
    0.009499630    0.571140110
    0.002142464    0.573930144
    0.009418435    0.573930144
    0.002133288    0.576733887
    0.009337935    0.576733887
    0.002124152    0.579551280
    0.009218473    0.579551280
    0.002105997    0.582382441
    0.009139681    0.582382441
    0.002096978    0.585227430
    0.009061564    0.585227430
    0.002087997    0.588086307
    0.008945637    0.588086307
    0.002079054    0.590959191
    0.008869178    0.590959191
    0.002061284    0.593846083
    0.008793372    0.593846083
    0.002052457    0.596747041
    0.008718214    0.596747041
    0.002043667    0.599662244
    0.008643699    0.599662244
    0.002026199    0.602591634
    0.008533118    0.602591634
    0.002017521    0.605535328
    0.008460185    0.605535328
    0.002008881    0.608493388
    0.008351952    0.608493388
    0.002000277    0.611465991
    0.008280567    0.611465991
    0.001991711    0.614453018
    0.008209792    0.614453018
    0.001983181    0.617454648
    0.008139622    0.617454648
    0.001966230    0.620471001
    0.008035490    0.620471001
    0.001957810    0.623502076
    0.007966810    0.623502076
    0.001949425    0.626547933
    0.007898717    0.626547933
    0.001941076    0.629608691
    0.007831206    0.629608691
    0.001932763    0.632684350
    0.007731020    0.632684350
    0.001924485    0.635775089
    0.007664942    0.635775089
    0.001916243    0.638880908
    0.007566882    0.638880908
    0.001908037    0.642001927
    0.007502208    0.642001927
    0.001899865    0.645138144
    0.007438085    0.645138144
    0.001891728    0.648289680
    0.007342928    0.648289680
    0.001883627    0.651456654
    0.007280168    0.651456654
    0.001867527    0.654639065
    0.007217943    0.654639065
    0.001859529    0.657837033
    0.007156251    0.657837033
    0.001851565    0.661050677
    0.007064699    0.661050677
    0.001843636    0.664279938
    0.007004316    0.664279938
    0.001843636    0.667524993
    0.006944450    0.667524993
    0.001835740    0.670785964
    0.006855608    0.670785964
    0.001827878    0.674062788
    0.006797012    0.674062788
    0.001820049    0.677355647
    0.006710057    0.677355647
    0.001812255    0.680664599
    0.006652705    0.680664599
    0.001804493    0.683989704
    0.006595844    0.683989704
    0.001796765    0.687331080
    0.006511462    0.687331080
    0.001789070    0.690688729
    0.006455808    0.690688729
    0.001781408    0.694062769
    0.006400629    0.694062769
    0.001773779    0.697453320
    0.006345923    0.697453320
    0.001773779    0.700860441
    0.006264738    0.700860441
    0.001766182    0.704284251
    0.006211192    0.704284251
    0.001758618    0.707724690
    0.006131731    0.707724690
    0.001751086    0.711181998
    0.006079323    0.711181998
    0.001743587    0.714656174
    0.006001549    0.714656174
    0.001743587    0.718147337
    0.005950253    0.718147337
    0.001736120    0.721655548
    0.005899395    0.721655548
    0.001728684    0.725180924
    0.005823923    0.725180924
    0.001721281    0.728723526
    0.005774145    0.728723526
    0.001721281    0.732283354
    0.005724793    0.732283354
    0.001713909    0.735860646
    0.005651555    0.735860646
    0.001706569    0.739455402
    0.005603251    0.739455402
    0.001706569    0.743067741
    0.005531567    0.743067741
    0.001699260    0.746697664
    0.005484288    0.746697664
    0.001691983    0.750345349
    0.005414126    0.750345349
    0.001691983    0.754010856
    0.005367851    0.754010856
    0.001684736    0.757694244
    0.005321972    0.757694244
    0.001677521    0.761395633
    0.005253886    0.761395633
    0.001677521    0.765115142
    0.005208981    0.765115142
    0.001670337    0.768852770
    0.005142341    0.768852770
    0.001670337    0.772608697
    0.005098389    0.772608697
    0.001663183    0.776382923
    0.005033164    0.776382923
    0.001663183    0.780175626
    0.004990146    0.780175626
    0.001663183    0.783986866
    0.004926305    0.783986866
    0.001656060    0.787816703
    0.004884197    0.787816703
    0.001656060    0.791665256
    0.004821713    0.791665256
    0.001648968    0.795532644
    0.004780501    0.795532644
    0.001648968    0.799418867
    0.004719343    0.799418867
    0.001648968    0.803324103
    0.004679006    0.803324103
    0.001641906    0.807248414
    0.004619147    0.807248414
    0.001641906    0.811191916
    0.004560053    0.811191916
    0.001641906    0.815154612
    0.004521077    0.815154612
    0.001641906    0.819136739
    0.004463239    0.819136739
    0.001641906    0.823138297
    0.004406139    0.823138297
    0.001634874    0.827159405
    0.004368480    0.827159405
    0.001634874    0.831200182
    0.004312593    0.831200182
    0.001634874    0.835260630
    0.004275735    0.835260630
    0.001634874    0.839340985
    0.004221035    0.839340985
    0.001634874    0.843441188
    0.004167034    0.843441188
    0.001634874    0.847561538
    0.004131418    0.847561538
    0.001634874    0.851701915
    0.004078561    0.851701915
    0.001634874    0.855862558
    0.004026384    0.855862558
    0.001634874    0.860043526
    0.003974873    0.860043526
    0.001634874    0.864244938
    0.003940899    0.864244938
    0.001634874    0.868466854
    0.003890483    0.868466854
    0.001634874    0.872709394
    0.003840711    0.872709394
    0.001634874    0.876972675
    0.003791576    0.876972675
    0.001634874    0.881256759
    0.003759169    0.881256759
    0.001634874    0.885561764
    0.003711077    0.885561764
    0.001641906    0.889887810
    0.003663600    0.889887810
    0.001641906    0.894234955
    0.003616731    0.894234955
    0.001641906    0.898603380
    0.003570462    0.898603380
    0.001648968    0.902993143
    0.003524784    0.902993143
    0.001648968    0.907404363
    0.003479691    0.907404363
    0.001656060    0.911837101
    0.003435174    0.911837101
    0.001656060    0.916291535
    0.003391227    0.916291535
    0.001663183    0.920767665
    0.003347842    0.920767665
    0.001663183    0.925265729
    0.003305013    0.925265729
    0.001670337    0.929785728
    0.003262731    0.929785728
    0.001670337    0.934327841
    0.003207196    0.934327841
    0.001677521    0.938892126
    0.003166165    0.938892126
    0.001684736    0.943478703
    0.003125660    0.943478703
    0.001691983    0.948087633
    0.003072458    0.948087633
    0.001699260    0.952719152
    0.003033151    0.952719152
    0.001713909    0.957373261
    0.002981523    0.957373261
    0.001721281    0.962050140
    0.002943380    0.962050140
    0.001728684    0.966749787
    0.002893280    0.966749787
    0.001736120    0.971472442
    0.002844033    0.971472442
    0.001743587    0.976218164
    0.002807649    0.976218164
    0.001758618    0.980987072
    0.002748040    0.980987072
    0.001773779    0.985779285
    0.002701265    0.985779285
    0.001789070    0.990594923
    0.002655286    0.990594923
    0.001812255    0.995434046
    0.002598912    0.995434046
    0.001835740    1.000296831
    0.002554676    1.000296831
    0.001859529    1.005183339
    0.002489729    1.005183339
    0.001891728    1.010093808
    0.002426433    1.010093808
    0.001924485    1.015028119
    0.002354619    1.015028119
    0.001974687    1.019986629
    0.002255698    1.019986629
    0.001812255    2.512632132
    0.001851565    2.512632132
    0.001721281    2.524906635
    0.001991711    2.524906635
    0.001677521    2.537240982
    0.002052457    2.537240982
    0.001648968    2.549635649
    0.002096978    2.549635649
    0.001620901    2.562090874
    0.002142464    2.562090874
    0.001600164    2.574606895
    0.002188937    2.574606895
    0.001586487    2.587183952
    0.002236419    2.587183952
    0.001572927    2.599822760
    0.002265400    2.599822760
    0.001559483    2.612523079
    0.002294758    2.612523079
    0.001552805    2.625285625
    0.002334493    2.625285625
    0.001539533    2.638110161
    0.002364746    2.638110161
    0.001532939    2.650997639
    0.002395391    2.650997639
    0.001526374    2.663948059
    0.002426433    2.663948059
    0.001513328    2.676961660
    0.002468449    2.676961660
    0.001506847    2.690038919
    0.002489729    2.690038919
    0.001500393    2.703180075
    0.002521993    2.703180075
    0.001493968    2.716385365
    0.002554676    2.716385365
    0.001487569    2.729655027
    0.002576699    2.729655027
    0.001487569    2.742989540
    0.002610090    2.742989540
    0.001481199    2.756389380
    0.002632591    2.756389380
    0.001474855    2.769854546
    0.002655286    2.769854546
    0.001468539    2.783385515
    0.002678177    2.783385515
    0.001468539    2.796982765
    0.002701265    2.796982765
    0.001462249    2.810646057
    0.002736271    2.810646057
    0.001455987    2.824376345
    0.002759859    2.824376345
    0.001455987    2.838173628
    0.002783652    2.838173628
    0.001449751    2.852038383
    0.002807649    2.852038383
    0.001449751    2.865970850
    0.002831853    2.865970850
    0.001449751    2.879971266
    0.002856266    2.879971266
    0.001443542    2.894040108
    0.002880889    2.894040108
    0.001443542    2.908177853
    0.002905725    2.908177853
    0.001443542    2.922384501
    0.002930774    2.922384501
    0.001437360    2.936660528
    0.002943380    2.936660528
    0.001437360    2.951006413
    0.002968754    2.951006413
    0.001437360    2.965422392
    0.002994347    2.965422392
    0.001431204    2.979908705
    0.003020161    2.979908705
    0.001431204    2.994465828
    0.003046197    2.994465828
    0.001431204    3.009094238
    0.003059299    3.009094238
    0.001431204    3.023793936
    0.003085673    3.023793936
    0.001431204    3.038565397
    0.003098944    3.038565397
    0.001431204    3.053409100
    0.003125660    3.053409100
    0.001425075    3.068325281
    0.003152605    3.068325281
    0.001425075    3.083314419
    0.003166165    3.083314419
    0.001425075    3.098376513
    0.003193460    3.098376513
    0.001425075    3.113512516
    0.003207196    3.113512516
    0.001425075    3.128722191
    0.003234844    3.128722191
    0.001425075    3.144006252
    0.003262731    3.144006252
    0.001425075    3.159365177
    0.003276764    3.159365177
    0.001425075    3.174798727
    0.003305013    3.174798727
    0.001425075    3.190307856
    0.003319228    3.190307856
    0.001425075    3.205893040
    0.003347842    3.205893040
    0.001425075    3.221553802
    0.003362242    3.221553802
    0.001425075    3.237291336
    0.003391227    3.237291336
    0.001425075    3.253106117
    0.003405813    3.253106117
    0.001425075    3.268997669
    0.003435174    3.268997669
    0.001425075    3.284967184
    0.003464788    3.284967184
    0.001425075    3.301014423
    0.003479691    3.301014423
    0.001425075    3.317140102
    0.003509688    3.317140102
    0.001425075    3.333344936
    0.003524784    3.333344936
    0.001425075    3.349628448
    0.003555170    3.349628448
    0.001425075    3.365992069
    0.003585819    3.365992069
    0.001425075    3.382435083
    0.003601242    3.382435083
    0.001425075    3.398958445
    0.003632287    3.398958445
    0.001425075    3.415562868
    0.003663600    3.415562868
    0.001425075    3.432248116
    0.003679358    3.432248116
    0.001425075    3.449014664
    0.003711077    3.449014664
    0.001425075    3.465863705
    0.003743069    3.465863705
    0.001431204    3.482794762
    0.003775338    3.482794762
    0.001431204    3.499808311
    0.003791576    3.499808311
    0.001431204    3.516905069
    0.003824262    3.516905069
    0.001431204    3.534085751
    0.003840711    3.534085751
    0.001431204    3.551349878
    0.003873821    3.551349878
    0.001431204    3.568698406
    0.003890483    3.568698406
    0.001437360    3.586132050
    0.003924021    3.586132050
    0.001437360    3.603650570
    0.003957850    3.603650570
    0.001437360    3.621254444
    0.003974873    3.621254444
    0.001437360    3.638944387
    0.004009140    3.638944387
    0.001443542    3.656721354
    0.004026384    3.656721354
    0.001443542    3.674584627
    0.004043702    3.674584627
    0.001449751    3.692535162
    0.004061094    3.692535162
    0.001449751    3.710573912
    0.004078561    3.710573912
    0.001455987    3.728700161
    0.004113722    3.728700161
    0.001455987    3.746915102
    0.004131418    3.746915102
    0.001455987    3.765219450
    0.004149188    3.765219450
    0.001462249    3.783612728
    0.004167034    3.783612728
    0.001462249    3.802096367
    0.004184957    3.802096367
    0.001468539    3.820669651
    0.004221035    3.820669651
    0.001474855    3.839333773
    0.004221035    3.839333773
    0.001481199    3.858089685
    0.004221035    3.858089685
    0.001487569    3.876936674
    0.004239190    3.876936674
    0.001493968    3.895876169
    0.004239190    3.895876169
    0.001500393    3.914907694
    0.004239190    3.914907694
    0.001506847    3.934032202
    0.004257423    3.934032202
    0.001513328    3.953250647
    0.004257423    3.953250647
    0.001519837    3.972562313
    0.004257423    3.972562313
    0.001519837    3.991968632
    0.004275735    3.991968632
    0.001526374    4.011469841
    0.004275735    4.011469841
    0.001539533    4.031066418
    0.004257423    4.031066418
    0.001552805    4.050758362
    0.004239190    4.050758362
    0.001559483    4.070546150
    0.004239190    4.070546150
    0.001572927    4.090431690
    0.004221035    4.090431690
    0.001586487    4.110413551
    0.004202957    4.110413551
    0.001593311    4.130493164
    0.004184957    4.130493164
    0.001607047    4.150671482
    0.004167034    4.150671482
    0.001620901    4.170947552
    0.004149188    4.170947552
    0.001634874    4.191322803
    0.004131418    4.191322803
    0.001641906    4.211797714
    0.004113722    4.211797714
    0.001663183    4.232372761
    0.004078561    4.232372761
    0.001684736    4.253048420
    0.004043702    4.253048420
    0.001699260    4.273824692
    0.003991970    4.273824692
    0.001721281    4.294703007
    0.003957850    4.294703007
    0.001743587    4.315682888
    0.003924021    4.315682888
    0.001766182    4.336765289
    0.003873821    4.336765289
    0.001789070    4.357951164
    0.003824262    4.357951164
    0.001812255    4.379240036
    0.003791576    4.379240036
    0.001835740    4.400632381
    0.003743069    4.400632381
    0.001867527    4.422130585
    0.003695183    4.422130585
    0.001891728    4.443732738
    0.003632287    4.443732738
    0.001932763    4.465440750
    0.003555170    4.465440750
    0.001966230    4.487254620
    0.003494657    4.487254620
    0.002008881    4.509175301
    0.003420462    4.509175301
    0.002061284    4.531202793
    0.003333505    4.531202793
    0.002115055    4.553338051
    0.003248758    4.553338051
    0.002179563    4.575582027
    0.003152605    4.575582027
    0.002265400    4.597933769
    0.003046197    4.597933769
    0.002374917    4.620395660
    0.002893280    4.620395660
    0.002188937    7.782770157
    0.002416041    7.782770157
    0.002026199    7.820790291
    0.002598912    7.820790291
    0.001932763    7.858995438
    0.002712884    7.858995438
    0.001867527    7.897386551
    0.002819725    7.897386551
    0.001804493    7.935966015
    0.002905725    7.935966015
    0.001758618    7.974734306
    0.002994347    7.974734306
    0.001713909    8.013690948
    0.003085673    8.013690948
    0.001670337    8.052838326
    0.003166165    8.052838326
    0.001634874    8.092178345
    0.003234844    8.092178345
    0.001607047    8.131709099
    0.003305013    8.131709099
    0.001572927    8.171432495
    0.003376703    8.171432495
    0.001546154    8.211351395
    0.003449949    8.211351395
    0.001519837    8.251463890
    0.003509688    8.251463890
    0.001493968    8.291772842
    0.003585819    8.291772842
    0.001468539    8.332280159
    0.003647910    8.332280159
    0.001449751    8.372982979
    0.003711077    8.372982979
    0.001431204    8.413886070
    0.003759169    8.413886070
    0.001418972    8.454988480
    0.003807884    8.454988480
    0.001400818    8.496292114
    0.003873821    8.496292114
    0.001388845    8.537796974
    0.003924021    8.537796974
    0.001371078    8.579504013
    0.003974873    8.579504013
    0.001359359    8.621417046
    0.004026384    8.621417046
    0.001341968    8.663533211
    0.004078561    8.663533211
    0.001330498    8.705855370
    0.004131418    8.705855370
    0.001319127    8.748384476
    0.004184957    8.748384476
    0.001313477    8.791120529
    0.004202957    8.791120529
    0.001313477    8.834066391
    0.004239190    8.834066391
    0.001313477    8.877221107
    0.004275735    8.877221107
    0.001307852    8.920588493
    0.004294123    8.920588493
    0.001307852    8.964165688
    0.004331142    8.964165688
    0.001307852    9.007956505
    0.004368480    9.007956505
    0.001302251    9.051961899
    0.004387269    9.051961899
    0.001302251    9.096180916
    0.004425091    9.096180916
    0.001296674    9.140616417
    0.004444124    9.140616417
    0.001296674    9.185268402
    0.004482436    9.185268402
    0.001307852    9.230139732
    0.004482436    9.230139732
    0.001319127    9.275229454
    0.004482436    9.275229454
    0.001324800    9.320539474
    0.004482436    9.320539474
    0.001336221    9.366071701
    0.004501715    9.366071701
    0.001347740    9.411826134
    0.004501715    9.411826134
    0.001359359    9.457802773
    0.004501715    9.457802773
    0.001371078    9.504006386
    0.004501715    9.504006386
    0.001382897    9.550433159
    0.004501715    9.550433159
    0.001394819    9.597087860
    0.004501715    9.597087860
    0.001400818    9.643971443
    0.004501715    9.643971443
    0.001418972    9.691082954
    0.004501715    9.691082954
    0.001437360    9.738424301
    0.004482436    9.738424301
    0.001455987    9.785996437
    0.004463239    9.785996437
    0.001474855    9.833803177
    0.004444124    9.833803177
    0.001493968    9.881841660
    0.004425091    9.881841660
    0.001513328    9.930114746
    0.004406139    9.930114746
    0.001532939    9.978625298
    0.004387269    9.978625298
    0.001552805   10.027371407
    0.004368480   10.027371407
    0.001579693   10.076356888
    0.004331142   10.076356888
    0.001600164   10.125581741
    0.004312593   10.125581741
    0.001620901   10.175044060
    0.004294123   10.175044060
    0.001641906   10.224750519
    0.004275735   10.224750519
    0.001663183   10.274700165
    0.004239190   10.274700165
    0.001684736   10.324891090
    0.004221035   10.324891090
    0.001706569   10.375330925
    0.004184957   10.375330925
    0.001736120   10.426015854
    0.004167034   10.426015854
    0.001758618   10.476945877
    0.004131418   10.476945877
    0.001781408   10.528127670
    0.004113722   10.528127670
    0.001812255   10.579556465
    0.004078561   10.579556465
    0.001843636   10.631239891
    0.004043702   10.631239891
    0.001859529   10.683175087
    0.004043702   10.683175087
    0.001867527   10.735361099
    0.004043702   10.735361099
    0.001883627   10.787805557
    0.004043702   10.787805557
    0.001899865   10.840502739
    0.004043702   10.840502739
    0.001908037   10.893461227
    0.004043702   10.893461227
    0.001924485   10.946677208
    0.004043702   10.946677208
    0.001941076   11.000150681
    0.004043702   11.000150681
    0.001957810   11.053888321
    0.004026384   11.053888321
    0.001974687   11.107889175
    0.004026384   11.107889175
    0.001991711   11.162149429
    0.004026384   11.162149429
    0.001974687   11.216678619
    0.004061094   11.216678619
    0.001966230   11.271474838
    0.004096104   11.271474838
    0.001949425   11.326538086
    0.004131418   11.326538086
    0.001941076   11.381866455
    0.004167034   11.381866455
    0.001924485   11.437469482
    0.004202957   11.437469482
    0.001916243   11.493343353
    0.004239190   11.493343353
    0.001908037   11.549487114
    0.004275735   11.549487114
    0.001891728   11.605908394
    0.004312593   11.605908394
    0.001883627   11.662605286
    0.004349770   11.662605286
    0.001867527   11.719579697
    0.004368480   11.719579697
    0.001867527   11.776828766
    0.004368480   11.776828766
    0.001859529   11.834360123
    0.004368480   11.834360123
    0.001859529   11.892173767
    0.004349770   11.892173767
    0.001851565   11.950265884
    0.004349770   11.950265884
    0.001851565   12.008645058
    0.004331142   12.008645058
    0.001843636   12.067309380
    0.004331142   12.067309380
    0.001843636   12.126256943
    0.004312593   12.126256943
    0.001835740   12.185495377
    0.004312593   12.185495377
    0.001827878   12.245023727
    0.004294123   12.245023727
    0.001827878   12.304840088
    0.004294123   12.304840088
    0.001812255   12.364951134
    0.004275735   12.364951134
    0.001796765   12.425355911
    0.004275735   12.425355911
    0.001781408   12.486056328
    0.004257423   12.486056328
    0.001766182   12.547049522
    0.004257423   12.547049522
    0.001751086   12.608344078
    0.004239190   12.608344078
    0.001728684   12.669938087
    0.004239190   12.669938087
    0.001713909   12.731829643
    0.004239190   12.731829643
    0.001699260   12.794027328
    0.004221035   12.794027328
    0.001684736   12.856524467
    0.004221035   12.856524467
    0.001670337   12.919331551
    0.004202957   12.919331551
    0.001656060   12.982444763
    0.004221035   12.982444763
    0.001648968   13.045862198
    0.004239190   13.045862198
    0.001634874   13.109593391
    0.004239190   13.109593391
    0.001620901   13.173632622
    0.004257423   13.173632622
    0.001607047   13.237988472
    0.004275735   13.237988472
    0.001600164   13.302658081
    0.004275735   13.302658081
    0.001586487   13.367640495
    0.004294123   13.367640495
    0.001572927   13.432944298
    0.004312593   13.432944298
    0.001566191   13.498566628
    0.004312593   13.498566628
    0.001552805   13.564509392
    0.004331142   13.564509392
    0.001552805   13.630770683
    0.004349770   13.630770683
    0.001552805   13.697359085
    0.004368480   13.697359085
    0.001552805   13.764273643
    0.004387269   13.764273643
    0.001552805   13.831510544
    0.004406139   13.831510544
    0.001552805   13.899080276
    0.004425091   13.899080276
    0.001552805   13.966979980
    0.004444124   13.966979980
    0.001552805   14.035206795
    0.004463239   14.035206795
    0.001552805   14.103771210
    0.004482436   14.103771210
    0.001552805   14.172671318
    0.004501715   14.172671318
    0.001546154   14.241903305
    0.004521077   14.241903305
    0.001546154   14.311477661
    0.004540524   14.311477661
    0.001546154   14.381391525
    0.004579667   14.381391525
    0.001539533   14.451647758
    0.004599364   14.451647758
    0.001539533   14.522242546
    0.004619147   14.522242546
    0.001532939   14.593186378
    0.004658967   14.593186378
    0.001532939   14.664476395
    0.004679006   14.664476395
    0.001532939   14.736110687
    0.004719343   14.736110687
    0.001526374   14.808099747
    0.004739641   14.808099747
    0.001526374   14.880435944
    0.004760027   14.880435944
    0.001519837   14.953129768
    0.004801062   14.953129768
    0.001526374   15.026178360
    0.004801062   15.026178360
    0.001526374   15.099579811
    0.004801062   15.099579811
    0.001526374   15.173343658
    0.004801062   15.173343658
    0.001526374   15.247464180
    0.004801062   15.247464180
    0.001526374   15.321950912
    0.004801062   15.321950912
    0.001526374   15.396800995
    0.004801062   15.396800995
    0.001526374   15.472013474
    0.004801062   15.472013474
    0.001532939   15.547596931
    0.004801062   15.547596931
    0.001532939   15.623549461
    0.004801062   15.623549461
    0.001532939   15.699872971
    0.004801062   15.699872971
    0.001539533   15.776565552
    0.004780501   15.776565552
    0.001546154   15.853636742
    0.004739641   15.853636742
    0.001559483   15.931084633
    0.004719343   15.931084633
    0.001566191   16.008907318
    0.004679006   16.008907318
    0.001579693   16.087112427
    0.004639014   16.087112427
    0.001586487   16.165700912
    0.004619147   16.165700912
    0.001593311   16.244668961
    0.004579667   16.244668961
    0.001607047   16.324028015
    0.004540524   16.324028015
    0.001613959   16.403774261
    0.004501715   16.403774261
    0.001627872   16.483903885
    0.004482436   16.483903885
    0.001634874   16.564432144
    0.004463239   16.564432144
    0.001634874   16.645351410
    0.004444124   16.645351410
    0.001641906   16.726667404
    0.004425091   16.726667404
    0.001648968   16.808374405
    0.004406139   16.808374405
    0.001656060   16.890487671
    0.004387269   16.890487671
    0.001656060   16.972999573
    0.004368480   16.972999573
    0.001663183   17.055912018
    0.004349770   17.055912018
    0.001670337   17.139232635
    0.004331142   17.139232635
    0.001677521   17.222955704
    0.004312593   17.222955704
    0.001684736   17.307094574
    0.004294123   17.307094574
    0.001670337   17.391641617
    0.004331142   17.391641617
    0.001656060   17.476598740
    0.004368480   17.476598740
    0.001648968   17.561975479
    0.004406139   17.561975479
    0.001634874   17.647764206
    0.004444124   17.647764206
    0.001627872   17.733976364
    0.004482436   17.733976364
    0.001613959   17.820610046
    0.004521077   17.820610046
    0.001600164   17.907661438
    0.004560053   17.907661438
    0.001593311   17.995143890
    0.004599364   17.995143890
    0.001579693   18.083053589
    0.004639014   18.083053589
    0.001572927   18.171392441
    0.004679006   18.171392441
    0.001566191   18.260158539
    0.004719343   18.260158539
    0.001566191   18.349361420
    0.004739641   18.349361420
    0.001559483   18.439002991
    0.004780501   18.439002991
    0.001559483   18.529075623
    0.004801062   18.529075623
    0.001552805   18.619592667
    0.004821713   18.619592667
    0.001552805   18.710552216
    0.004863279   18.710552216
    0.001546154   18.801952362
    0.004884197   18.801952362
    0.001539533   18.893802643
    0.004926305   18.893802643
    0.001539533   18.986103058
    0.004947494   18.986103058
    0.001532939   19.078847885
    0.004990146   19.078847885
    0.001539533   19.172052383
    0.004968774   19.172052383
    0.001539533   19.265710831
    0.004968774   19.265710831
    0.001539533   19.359827042
    0.004947494   19.359827042
    0.001546154   19.454397202
    0.004926305   19.454397202
    0.001546154   19.549436569
    0.004926305   19.549436569
    0.001552805   19.644939423
    0.004905208   19.644939423
    0.001552805   19.740901947
    0.004884197   19.740901947
    0.001552805   19.837339401
    0.004863279   19.837339401
    0.001559483   19.934244156
    0.004863279   19.934244156
    0.001559483   20.031625748
    0.004842451   20.031625748
    0.001559483   20.129484177
    0.004842451   20.129484177
    0.001559483   20.227815628
    0.004842451   20.227815628
    0.001559483   20.326631546
    0.004863279   20.326631546
    0.001559483   20.425924301
    0.004863279   20.425924301
    0.001559483   20.525709152
    0.004863279   20.525709152
    0.001559483   20.625982285
    0.004863279   20.625982285
    0.001559483   20.726737976
    0.004863279   20.726737976
    0.001559483   20.827991486
    0.004884197   20.827991486
    0.001559483   20.929738998
    0.004884197   20.929738998
    0.001559483   21.031984329
    0.004884197   21.031984329
    0.001559483   21.134723663
    0.004884197   21.134723663
    0.001559483   21.237972260
    0.004884197   21.237972260
    0.001559483   21.341722488
    0.004863279   21.341722488
    0.001559483   21.445974350
    0.004863279   21.445974350
    0.001559483   21.550743103
    0.004863279   21.550743103
    0.001559483   21.656021118
    0.004863279   21.656021118
    0.001559483   21.761810303
    0.004863279   21.761810303
    0.001559483   21.868120193
    0.004842451   21.868120193
    0.001559483   21.974948883
    0.004842451   21.974948883
    0.001559483   22.082294464
    0.004842451   22.082294464
    0.001559483   22.190170288
    0.004821713   22.190170288
    0.001566191   22.298574448
    0.004801062   22.298574448
    0.001566191   22.407506943
    0.004801062   22.407506943
    0.001572927   22.516965866
    0.004780501   22.516965866
    0.001572927   22.626964569
    0.004760027   22.626964569
    0.001579693   22.737501144
    0.004739641   22.737501144
    0.001579693   22.848571777
    0.004719343   22.848571777
    0.001586487   22.960191727
    0.004719343   22.960191727
    0.001586487   23.072349548
    0.004699131   23.072349548
    0.001593311   23.185062408
    0.004679006   23.185062408
    0.001593311   23.298326492
    0.004699131   23.298326492
    0.001593311   23.412136078
    0.004699131   23.412136078
    0.001586487   23.526508331
    0.004719343   23.526508331
    0.001586487   23.641433716
    0.004739641   23.641433716
    0.001586487   23.756925583
    0.004760027   23.756925583
    0.001586487   23.872982025
    0.004760027   23.872982025
    0.001586487   23.989599228
    0.004780501   23.989599228
    0.001579693   24.106792450
    0.004801062   24.106792450
    0.001579693   24.224559784
    0.004821713   24.224559784
    0.001579693   24.342901230
    0.004842451   24.342901230
    0.001579693   24.461812973
    0.004821713   24.461812973
    0.001586487   24.581314087
    0.004801062   24.581314087
    0.001586487   24.701398849
    0.004780501   24.701398849
    0.001586487   24.822061539
    0.004760027   24.822061539
    0.001586487   24.943323135
    0.004739641   24.943323135
    0.001593311   25.065174103
    0.004719343   25.065174103
    0.001593311   25.187616348
    0.004699131   25.187616348
    0.001593311   25.310661316
    0.004679006   25.310661316
    0.001593311   25.434309006
    0.004658967   25.434309006
    0.001600164   25.558553696
    0.004639014   25.558553696
    0.001593311   25.683410645
    0.004679006   25.683410645
    0.001586487   25.808879852
    0.004699131   25.808879852
    0.001579693   25.934961319
    0.004739641   25.934961319
    0.001566191   26.061651230
    0.004780501   26.061651230
    0.001559483   26.188966751
    0.004821713   26.188966751
    0.001552805   26.316904068
    0.004842451   26.316904068
    0.001546154   26.445459366
    0.004884197   26.445459366
    0.001539533   26.574649811
    0.004926305   26.574649811
    0.001532939   26.704465866
    0.004947494   26.704465866
    0.001526374   26.834920883
    0.004990146   26.834920883
    0.001526374   26.966014862
    0.004990146   26.966014862
    0.001532939   27.097742081
    0.004968774   27.097742081
    0.001532939   27.230117798
    0.004947494   27.230117798
    0.001539533   27.363134384
    0.004926305   27.363134384
    0.001546154   27.496809006
    0.004905208   27.496809006
    0.001546154   27.631135941
    0.004884197   27.631135941
    0.001552805   27.766111374
    0.004884197   27.766111374
    0.001552805   27.901754379
    0.004863279   27.901754379
    0.001559483   28.038059235
    0.004842451   28.038059235
    0.001559483   28.175029755
    0.004821713   28.175029755
    0.001559483   28.312662125
    0.004821713   28.312662125
    0.001559483   28.450975418
    0.004821713   28.450975418
    0.001559483   28.589963913
    0.004821713   28.589963913
    0.001559483   28.729621887
    0.004821713   28.729621887
    0.001552805   28.869972229
    0.004821713   28.869972229
    0.001552805   29.011007309
    0.004842451   29.011007309
    0.001552805   29.152723312
    0.004842451   29.152723312
    0.001552805   29.295139313
    0.004842451   29.295139313
    0.001552805   29.438251495
    0.004842451   29.438251495
    0.001546154   29.582054138
    0.004842451   29.582054138
    0.001552805   29.726568222
    0.004842451   29.726568222
    0.001552805   29.871788025
    0.004863279   29.871788025
    0.001552805   30.017717361
    0.004863279   30.017717361
    0.001559483   30.164350510
    0.004884197   30.164350510
    0.001559483   30.311708450
    0.004884197   30.311708450
    0.001559483   30.459787369
    0.004905208   30.459787369
    0.001559483   30.608579636
    0.004905208   30.608579636
    0.001566191   30.758108139
    0.004905208   30.758108139
    0.001566191   30.908359528
    0.004926305   30.908359528
    0.001566191   31.059350967
    0.004926305   31.059350967
    0.001566191   31.211082458
    0.004905208   31.211082458
    0.001572927   31.363546371
    0.004884197   31.363546371
    0.001572927   31.516761780
    0.004863279   31.516761780
    0.001572927   31.670719147
    0.004842451   31.670719147
    0.001572927   31.825435638
    0.004801062   31.825435638
    0.001572927   31.980909348
    0.004780501   31.980909348
    0.001579693   32.137130737
    0.004760027   32.137130737
    0.001579693   32.294128418
    0.004739641   32.294128418
    0.001579693   32.451889038
    0.004719343   32.451889038
    0.001579693   32.610424042
    0.004699131   32.610424042
    0.001579693   32.769721985
    0.004719343   32.769721985
    0.001572927   32.929809570
    0.004739641   32.929809570
    0.001572927   33.090675354
    0.004780501   33.090675354
    0.001566191   33.252323151
    0.004801062   33.252323151
    0.001566191   33.414764404
    0.004842451   33.414764404
    0.001566191   33.578002930
    0.004863279   33.578002930
    0.001559483   33.742027283
    0.004905208   33.742027283
    0.001559483   33.906864166
    0.004926305   33.906864166
    0.001552805   34.072505951
    0.004947494   34.072505951
    0.001552805   34.238945007
    0.004990146   34.238945007
    0.001546154   34.406208038
    0.004968774   34.406208038
    0.001539533   34.574291229
    0.004968774   34.574291229
    0.001539533   34.743190765
    0.004947494   34.743190765
    0.001532939   34.912910461
    0.004926305   34.912910461
    0.001526374   35.083465576
    0.004926305   35.083465576
    0.001526374   35.254852295
    0.004905208   35.254852295
    0.001519837   35.427070618
    0.004884197   35.427070618
    0.001513328   35.600139618
    0.004884197   35.600139618
    0.001513328   35.774040222
    0.004863279   35.774040222
    0.001506847   35.948802948
    0.004842451   35.948802948
    0.001513328   36.124420166
    0.004842451   36.124420166
    0.001519837   36.300884247
    0.004842451   36.300884247
    0.001526374   36.478221893
    0.004863279   36.478221893
    0.001539533   36.656414032
    0.004863279   36.656414032
    0.001546154   36.835487366
    0.004863279   36.835487366
    0.001552805   37.015434265
    0.004863279   37.015434265
    0.001559483   37.196250916
    0.004863279   37.196250916
    0.001566191   37.377964020
    0.004863279   37.377964020
    0.001579693   37.560562134
    0.004884197   37.560562134
    0.001586487   37.744049072
    0.004884197   37.744049072
    0.001586487   37.928428650
    0.004863279   37.928428650
    0.001593311   38.113712311
    0.004842451   38.113712311
    0.001600164   38.299907684
    0.004801062   38.299907684
    0.001600164   38.486999512
    0.004780501   38.486999512
    0.001607047   38.675014496
    0.004760027   38.675014496
    0.001607047   38.863948822
    0.004739641   38.863948822
    0.001613959   39.053794861
    0.004719343   39.053794861
    0.001620901   39.244579315
    0.004679006   39.244579315
    0.001620901   39.436298370
    0.004658967   39.436298370
    0.001627872   39.628940582
    0.004639014   39.628940582
    0.001613959   39.822532654
    0.004658967   39.822532654
    0.001607047   40.017074585
    0.004679006   40.017074585
    0.001593311   40.212566376
    0.004719343   40.212566376
    0.001579693   40.409000397
    0.004739641   40.409000397
    0.001572927   40.606403351
    0.004760027   40.606403351
    0.001559483   40.804775238
    0.004780501   40.804775238
    0.001546154   41.004100800
    0.004801062   41.004100800
    0.001539533   41.204414368
    0.004842451   41.204414368
    0.001526374   41.405704498
    0.004863279   41.405704498
    0.001513328   41.607978821
    0.004884197   41.607978821
    0.001519837   41.811229706
    0.004884197   41.811229706
    0.001526374   42.015487671
    0.004884197   42.015487671
    0.001532939   42.220737457
    0.004884197   42.220737457
    0.001539533   42.426982880
    0.004884197   42.426982880
    0.001546154   42.634246826
    0.004905208   42.634246826
    0.001552805   42.842521667
    0.004905208   42.842521667
    0.001559483   43.051803589
    0.004905208   43.051803589
    0.001566191   43.262119293
    0.004905208   43.262119293
    0.001572927   43.473453522
    0.004905208   43.473453522
    0.001579693   43.685829163
    0.004905208   43.685829163
    0.001579693   43.899242401
    0.004884197   43.899242401
    0.001579693   44.113685608
    0.004863279   44.113685608
    0.001579693   44.329189301
    0.004842451   44.329189301
    0.001579693   44.545730591
    0.004801062   44.545730591
    0.001579693   44.763343811
    0.004780501   44.763343811
    0.001579693   44.982021332
    0.004760027   44.982021332
    0.001579693   45.201755524
    0.004739641   45.201755524
    0.001579693   45.422573090
    0.004719343   45.422573090
    0.001572927   45.644470215
    0.004679006   45.644470215
    0.001572927   45.867439270
    0.004658967   45.867439270
    0.001572927   46.091510773
    0.004699131   46.091510773
    0.001572927   46.316677094
    0.004719343   46.316677094
    0.001566191   46.542942047
    0.004760027   46.542942047
    0.001566191   46.770298004
    0.004801062   46.770298004
    0.001559483   46.998783112
    0.004821713   46.998783112
    0.001559483   47.228378296
    0.004863279   47.228378296
    0.001552805   47.459083557
    0.004905208   47.459083557
    0.001552805   47.690929413
    0.004926305   47.690929413
    0.001552805   47.923908234
    0.004968774   47.923908234
    0.001546154   48.158027649
    0.005011609   48.158027649
    0.001552805   48.393276215
    0.004990146   48.393276215
    0.001552805   48.629684448
    0.004968774   48.629684448
    0.001559483   48.867248535
    0.004968774   48.867248535
    0.001559483   49.105960846
    0.004947494   49.105960846
    0.001566191   49.345851898
    0.004926305   49.345851898
    0.001566191   49.586914062
    0.004905208   49.586914062
    0.001572927   49.829143524
    0.004905208   49.829143524
    0.001572927   50.072566986
    0.004884197   50.072566986
    0.001579693   50.317169189
    0.004863279   50.317169189
    0.001579693   50.562976837
    0.004842451   50.562976837
    0.001579693   50.809986115
    0.004863279   50.809986115
    0.001566191   51.058185577
    0.004884197   51.058185577
    0.001559483   51.307617188
    0.004884197   51.307617188
    0.001552805   51.558246613
    0.004905208   51.558246613
    0.001546154   51.810119629
    0.004926305   51.810119629
    0.001539533   52.063220978
    0.004926305   52.063220978
    0.001532939   52.317546844
    0.004947494   52.317546844
    0.001526374   52.573127747
    0.004968774   52.573127747
    0.001519837   52.829956055
    0.004968774   52.829956055
    0.001513328   53.088024139
    0.004990146   53.088024139
    0.001519837   53.347370148
    0.004968774   53.347370148
    0.001526374   53.607982635
    0.004947494   53.607982635
    0.001539533   53.869865417
    0.004926305   53.869865417
    0.001546154   54.133014679
    0.004905208   54.133014679
    0.001552805   54.397464752
    0.004884197   54.397464752
    0.001566191   54.663204193
    0.004842451   54.663204193
    0.001572927   54.930229187
    0.004821713   54.930229187
    0.001579693   55.198574066
    0.004801062   55.198574066
    0.001593311   55.468215942
    0.004760027   55.468215942
    0.001600164   55.739185333
    0.004739641   55.739185333
    0.001600164   56.011482239
    0.004739641   56.011482239
    0.001593311   56.285095215
    0.004739641   56.285095215
    0.001593311   56.560054779
    0.004760027   56.560054779
    0.001586487   56.836345673
    0.004760027   56.836345673
    0.001586487   57.114002228
    0.004760027   57.114002228
    0.001579693   57.393013000
    0.004760027   57.393013000
    0.001579693   57.673374176
    0.004760027   57.673374176
    0.001572927   57.955120087
    0.004780501   57.955120087
    0.001572927   58.238239288
    0.004780501   58.238239288
    0.001566191   58.522743225
    0.004780501   58.522743225
    0.001566191   58.808624268
    0.004780501   58.808624268
    0.001566191   59.095912933
    0.004801062   59.095912933
    0.001566191   59.384609222
    0.004801062   59.384609222
    0.001566191   59.674694061
    0.004821713   59.674694061
    0.001566191   59.966217041
    0.004821713   59.966217041
    0.001566191   60.259162903
    0.004842451   60.259162903
    0.001566191   60.553524017
    0.004842451   60.553524017
    0.001566191   60.849338531
    0.004863279   60.849338531
    0.001566191   61.146598816
    0.004863279   61.146598816
    0.001559483   61.445293427
    0.004863279   61.445293427
    0.001559483   61.745464325
    0.004884197   61.745464325
    0.001552805   62.047103882
    0.004905208   62.047103882
    0.001552805   62.350215912
    0.004926305   62.350215912
    0.001546154   62.654788971
    0.004947494   62.654788971
    0.001539533   62.960868835
    0.004947494   62.960868835
    0.001539533   63.268444061
    0.004968774   63.268444061
    0.001532939   63.577503204
    0.004990146   63.577503204
    0.001532939   63.888092041
    0.005011609   63.888092041
    0.001526374   64.200195312
    0.005033164   64.200195312
    0.001519837   64.513824463
    0.005054813   64.513824463
    0.001526374   64.828971863
    0.005033164   64.828971863
    0.001526374   65.145675659
    0.005033164   65.145675659
    0.001526374   65.463920593
    0.005033164   65.463920593
    0.001532939   65.783706665
    0.005011609   65.783706665
    0.001532939   66.105072021
    0.005011609   66.105072021
    0.001532939   66.428009033
    0.005011609   66.428009033
    0.001539533   66.752502441
    0.004990146   66.752502441
    0.001539533   67.078598022
    0.004990146   67.078598022
    0.001539533   67.406272888
    0.004968774   67.406272888
    0.001546154   67.735565186
    0.004968774   67.735565186
    0.001546154   68.066467285
    0.004947494   68.066467285
    0.001552805   68.398963928
    0.004947494   68.398963928
    0.001559483   68.733100891
    0.004926305   68.733100891
    0.001559483   69.068855286
    0.004905208   69.068855286
    0.001566191   69.406272888
    0.004905208   69.406272888
    0.001572927   69.745330811
    0.004884197   69.745330811
    0.001572927   70.086036682
    0.004863279   70.086036682
    0.001579693   70.428413391
    0.004842451   70.428413391
    0.001586487   70.772468567
    0.004842451   70.772468567
    0.001593311   71.118186951
    0.004821713   71.118186951
    0.001586487   71.465614319
    0.004821713   71.465614319
    0.001579693   71.814735413
    0.004842451   71.814735413
    0.001572927   72.165565491
    0.004842451   72.165565491
    0.001566191   72.518089294
    0.004863279   72.518089294
    0.001559483   72.872352600
    0.004863279   72.872352600
    0.001552805   73.228347778
    0.004863279   73.228347778
    0.001552805   73.586059570
    0.004884197   73.586059570
    0.001546154   73.945541382
    0.004884197   73.945541382
    0.001539533   74.306777954
    0.004884197   74.306777954
    0.001532939   74.669776917
    0.004905208   74.669776917
    0.001532939   75.034530640
    0.004926305   75.034530640
    0.001532939   75.401092529
    0.004926305   75.401092529
    0.001532939   75.769439697
    0.004947494   75.769439697
    0.001532939   76.139564514
    0.004968774   76.139564514
    0.001526374   76.511520386
    0.004968774   76.511520386
    0.001526374   76.885292053
    0.004990146   76.885292053
    0.001526374   77.260871887
    0.005011609   77.260871887
    0.001526374   77.638305664
    0.005033164   77.638305664
    0.001526374   78.017562866
    0.005054813   78.017562866
    0.001526374   78.398689270
    0.005054813   78.398689270
    0.001526374   78.781684875
    0.005054813   78.781684875
    0.001526374   79.166519165
    0.005054813   79.166519165
    0.001526374   79.553268433
    0.005033164   79.553268433
    0.001526374   79.941879272
    0.005033164   79.941879272
    0.001526374   80.332405090
    0.005011609   80.332405090
    0.001526374   80.724845886
    0.005011609   80.724845886
    0.001526374   81.119178772
    0.005011609   81.119178772
    0.001526374   81.515457153
    0.004990146   81.515457153
    0.001526374   81.913681030
    0.004990146   81.913681030
    0.001526374   82.313819885
    0.004968774   82.313819885
    0.001532939   82.715934753
    0.004947494   82.715934753
    0.001539533   83.120018005
    0.004947494   83.120018005
    0.001539533   83.526077271
    0.004926305   83.526077271
    0.001546154   83.934089661
    0.004905208   83.934089661
    0.001546154   84.344123840
    0.004884197   84.344123840
    0.001552805   84.756164551
    0.004863279   84.756164551
    0.001552805   85.170188904
    0.004842451   85.170188904
    0.001559483   85.586257935
    0.004821713   85.586257935
    0.001566191   86.004364014
    0.004801062   86.004364014
    0.001566191   86.424507141
    0.004780501   86.424507141
    0.001566191   86.846687317
    0.004801062   86.846687317
    0.001566191   87.270950317
    0.004821713   87.270950317
    0.001559483   87.697280884
    0.004821713   87.697280884
    0.001559483   88.125671387
    0.004842451   88.125671387
    0.001559483   88.556182861
    0.004863279   88.556182861
    0.001552805   88.988800049
    0.004884197   88.988800049
    0.001552805   89.423500061
    0.004884197   89.423500061
    0.001552805   89.860351562
    0.004905208   89.860351562
    0.001546154   90.299308777
    0.004926305   90.299308777
    0.001546154   90.740440369
    0.004926305   90.740440369
    0.001546154   91.183723450
    0.004926305   91.183723450
    0.001552805   91.629142761
    0.004905208   91.629142761
    0.001559483   92.076766968
    0.004905208   92.076766968
    0.001559483   92.526557922
    0.004884197   92.526557922
    0.001566191   92.978561401
    0.004884197   92.978561401
    0.001572927   93.432785034
    0.004863279   93.432785034
    0.001572927   93.889190674
    0.004842451   93.889190674
    0.001579693   94.347854614
    0.004842451   94.347854614
    0.001586487   94.808761597
    0.004821713   94.808761597
    0.001586487   95.271896362
    0.004821713   95.271896362
    0.001586487   95.737312317
    0.004821713   95.737312317
    0.001586487   96.205009460
    0.004821713   96.205009460
    0.001593311   96.674987793
    0.004821713   96.674987793
    0.001593311   97.147239685
    0.004821713   97.147239685
    0.001593311   97.621818542
    0.004821713   97.621818542
    0.001593311   98.087326050
    0.004821713   98.087326050
    0.001593311   98.555084229
    0.004821713   98.555084229
    0.001593311   99.025047302
    0.004821713   99.025047302
    0.001593311   99.497253418
    0.004821713   99.497253418
    0.001593311   99.971733093
    0.004821713   99.971733093
    0.001593311  100.448417664
    0.004821713  100.448417664
    0.001593311  100.927436829
    0.004821713  100.927436829
    0.001593311  101.408737183
    0.004821713  101.408737183
    0.001593311  101.892280579
    0.004821713  101.892280579
