# Enu (MeV) Ration of nubar xsecs in Mini/micro
1.000000000000000000e+01 inf
1.299299299299299371e+01 inf
1.598598598598598919e+01 inf
1.897897897897898289e+01 inf
2.197197197197197482e+01 inf
2.496496496496496675e+01 inf
2.795795795795796224e+01 inf
3.095095095095095417e+01 inf
3.394394394394394965e+01 inf
3.693693693693693803e+01 inf
3.992992992992993351e+01 inf
4.292292292292292899e+01 inf
4.591591591591592447e+01 inf
4.890890890890891285e+01 inf
5.190190190190190833e+01 inf
5.489489489489490381e+01 inf
5.788788788788789219e+01 inf
6.088088088088088767e+01 inf
6.387387387387387605e+01 inf
6.686686686686687153e+01 3.229961657688047126e+04
6.985985985985986702e+01 9.483580546219613097e+03
7.285285285285284829e+01 1.135955508724470519e+03
7.584584584584584377e+01 3.598772971082194090e+02
7.883883883883883925e+01 1.704666876601415026e+02
8.183183183183183473e+01 9.971638122284136330e+01
8.482482482482483022e+01 6.483895563527218542e+01
8.781781781781782570e+01 4.463356970645385502e+01
9.081081081081080697e+01 3.121718906536670346e+01
9.380380380380380245e+01 2.319661429717318768e+01
9.679679679679679793e+01 1.985315470812710714e+01
9.978978978978979342e+01 1.852403821060625688e+01
1.027827827827827889e+02 1.623428074069811089e+01
1.057757757757757844e+02 1.325517983374564501e+01
1.087687687687687657e+02 1.121744823557931703e+01
1.117617617617617611e+02 1.017448763606698492e+01
1.147547547547547566e+02 9.529436609823404680e+00
1.177477477477477521e+02 8.931261430231721477e+00
1.207407407407407476e+02 8.246724102919790411e+00
1.237337337337337431e+02 7.460927725125857002e+00
1.267267267267267528e+02 6.676116743186619296e+00
1.297197197197197340e+02 6.052558510641627088e+00
1.327127127127127437e+02 5.631838238131540386e+00
1.357057057057057250e+02 5.355274950369107501e+00
1.386986986986987063e+02 5.142894132175743316e+00
1.416916916916917160e+02 4.949243641787648862e+00
1.446846846846846972e+02 4.755619283660947438e+00
1.476776776776777069e+02 4.553626243879944191e+00
1.506706706706706882e+02 4.338742263180703773e+00
1.536636636636636979e+02 4.130632832464331550e+00
1.566566566566566792e+02 3.956516243170066893e+00
1.596496496496496604e+02 3.834515532427392959e+00
1.626426426426426701e+02 3.756864459900470798e+00
1.656356356356356514e+02 3.695340069338137745e+00
1.686286286286286611e+02 3.627167171234094489e+00
1.716216216216216424e+02 3.538838249502330946e+00
1.746146146146146521e+02 3.434670891994458408e+00
1.776076076076076333e+02 3.321989653008043941e+00
1.806006006006006146e+02 3.207260687203130622e+00
1.835935935935936243e+02 3.098490538160492136e+00
1.865865865865866056e+02 3.004538302520085136e+00
1.895795795795796153e+02 2.931360087463652064e+00
1.925725725725725965e+02 2.882636815949529030e+00
1.955655655655655778e+02 2.854051107896999007e+00
1.985585585585585875e+02 2.835076599455871982e+00
2.015515515515515688e+02 2.816595608977247700e+00
2.045445445445445785e+02 2.790843494194832353e+00
2.075375375375375597e+02 2.754954816278283314e+00
2.105305305305305694e+02 2.712320155212361694e+00
2.135235235235235507e+02 2.666237240447999035e+00
2.165165165165165320e+02 2.619509989708546982e+00
2.195095095095095417e+02 2.574348611134833931e+00
2.225025025025025229e+02 2.531987990002214861e+00
2.254954954954955326e+02 2.493169087194499145e+00
2.284884884884885139e+02 2.458390369913675766e+00
2.314814814814815236e+02 2.427976601803194967e+00
2.344744744744745049e+02 2.401442208386458166e+00
2.374674674674674861e+02 2.377058364432263371e+00
2.404604604604604958e+02 2.353245842971294799e+00
2.434534534534534771e+02 2.328689492800376737e+00
2.464464464464464868e+02 2.302317683172848906e+00
2.494394394394394681e+02 2.274046919629438612e+00
2.524324324324324493e+02 2.245237850261825319e+00
2.554254254254254590e+02 2.217169281068189779e+00
2.584184184184184687e+02 2.190883145354538986e+00
2.614114114114114500e+02 2.167224427257916197e+00
2.644044044044044313e+02 2.146662208006970385e+00
2.673973973973974125e+02 2.128543613263474299e+00
2.703903903903904506e+02 2.112002404212671269e+00
2.733833833833834319e+02 2.096284161934603762e+00
2.763763763763764132e+02 2.080725418144026229e+00
2.793693693693693945e+02 2.064741788306185821e+00
2.823623623623623757e+02 2.048162813546801519e+00
2.853553553553554138e+02 2.031468267323992549e+00
2.883483483483483951e+02 2.015151305383311886e+00
2.913413413413413764e+02 1.999659322803309269e+00
2.943343343343343577e+02 1.985397327177480742e+00
2.973273273273273389e+02 1.972711940308387479e+00
3.003203203203203770e+02 1.961619970474925534e+00
3.033133133133133583e+02 1.951736211747773453e+00
3.063063063063063396e+02 1.942609361995085049e+00
3.092992992992993209e+02 1.933823363405122731e+00
3.122922922922923021e+02 1.924994851468680102e+00
3.152852852852853403e+02 1.915770800400058205e+00
3.182782782782783215e+02 1.905895395454049401e+00
3.212712712712713028e+02 1.895594366097795191e+00
3.242642642642642841e+02 1.885262261532107964e+00
3.272572572572573222e+02 1.875260330446730350e+00
3.302502502502503035e+02 1.865919149722959469e+00
3.332432432432432847e+02 1.857542335975220560e+00
3.362362362362362660e+02 1.850410484046670412e+00
3.392292292292292473e+02 1.844650493129818880e+00
3.422222222222222854e+02 1.839836143899616472e+00
3.452152152152152667e+02 1.835433692560244801e+00
3.482082082082082479e+02 1.830945852608504065e+00
3.512012012012012292e+02 1.825909212820343575e+00
3.541941941941942105e+02 1.819893804360749545e+00
3.571871871871872486e+02 1.812504196437575432e+00
3.601801801801802299e+02 1.803438578121046465e+00
3.631731731731732111e+02 1.792984102661906887e+00
3.661661661661661924e+02 1.781724749002365327e+00
3.691591591591591737e+02 1.770201653556104482e+00
3.721521521521522118e+02 1.758909112938664920e+00
3.751451451451451931e+02 1.748296873192972445e+00
3.781381381381381743e+02 1.738774641795132636e+00
3.811311311311311556e+02 1.730717774655657681e+00
3.841241241241241937e+02 1.724355127920445430e+00
3.871171171171171750e+02 1.719376940006947851e+00
3.901101101101101563e+02 1.715352099929907892e+00
3.931031031031031375e+02 1.711878710582477758e+00
3.960960960960961188e+02 1.708580040652367682e+00
3.990890890890891569e+02 1.705101939509073183e+00
4.020820820820821382e+02 1.701111375066330700e+00
4.050750750750751195e+02 1.696296051133626026e+00
4.080680680680681007e+02 1.690397095312801357e+00
4.110610610610610820e+02 1.683492753814548104e+00
4.140540540540541201e+02 1.675839648295333495e+00
4.170470470470471014e+02 1.667681731268379819e+00
4.200400400400400827e+02 1.659247739892788953e+00
4.230330330330330639e+02 1.650751268896400337e+00
4.260260260260260452e+02 1.642391273826069087e+00
4.290190190190190833e+02 1.634352889025436850e+00
4.320120120120120646e+02 1.626808314258343380e+00
4.350050050050050459e+02 1.619892086890383442e+00
4.379979979979980271e+02 1.613600868833053426e+00
4.409909909909910652e+02 1.607891249802275713e+00
4.439839839839840465e+02 1.602722416063205646e+00
4.469769769769770278e+02 1.598055946123445370e+00
4.499699699699700091e+02 1.593855680008520403e+00
4.529629629629629903e+02 1.590087532134430992e+00
4.559559559559560284e+02 1.586719315829658639e+00
4.589489489489490097e+02 1.583720604017231803e+00
4.619419419419419910e+02 1.581061189574992421e+00
4.649349349349349723e+02 1.578687401482467445e+00
4.679279279279279535e+02 1.576527168545291957e+00
4.709209209209209916e+02 1.574511261401024376e+00
4.739139139139139729e+02 1.572573765258852507e+00
4.769069069069069542e+02 1.570651875759164318e+00
4.798998998998999355e+02 1.568685712614685812e+00
4.828928928928929167e+02 1.566618206457878859e+00
4.858858858858859548e+02 1.564395007696962825e+00
4.888788788788789361e+02 1.561964337604246911e+00
4.918718718718719174e+02 1.559279720094562727e+00
4.948648648648648987e+02 1.556339037809588710e+00
4.978578578578579368e+02 1.553172656365534587e+00
5.008508508508509181e+02 1.549810683678412904e+00
5.038438438438438425e+02 1.546282173498736645e+00
5.068368368368368806e+02 1.542615154240389863e+00
5.098298298298298050e+02 1.538836662081918272e+00
5.128228228228229000e+02 1.534972772900255578e+00
5.158158158158158813e+02 1.531048631699031271e+00
5.188088088088088625e+02 1.527088461222265714e+00
5.218018018018018438e+02 1.523115544306458791e+00
5.247947947947948251e+02 1.519150776074815967e+00
5.277877877877879200e+02 1.515208039657969907e+00
5.307807807807807876e+02 1.511298755622360046e+00
5.337737737737737689e+02 1.507433496717366372e+00
5.367667667667668638e+02 1.503622041455238145e+00
5.397597597597598451e+02 1.499873462444287764e+00
5.427527527527528264e+02 1.496196214292218052e+00
5.457457457457456940e+02 1.492598089703641273e+00
5.487387387387387889e+02 1.489086255171270468e+00
5.517317317317318839e+02 1.485667300128665991e+00
5.547247247247247515e+02 1.482347282101258212e+00
5.577177177177177327e+02 1.479130785925311775e+00
5.607107107107107140e+02 1.476011861627958721e+00
5.637037037037038090e+02 1.472978855954360400e+00
5.666966966966967902e+02 1.470020625360560551e+00
5.696896896896896578e+02 1.467126578870810771e+00
5.726826826826827528e+02 1.464286641488904417e+00
5.756756756756758477e+02 1.461491223601168121e+00
5.786686686686687153e+02 1.458731194235519668e+00
5.816616616616616966e+02 1.455997871627417561e+00
5.846546546546546779e+02 1.453283013187689265e+00
5.876476476476477728e+02 1.450578763506362723e+00
5.906406406406407541e+02 1.447877633917847406e+00
5.936336336336336217e+02 1.445173187665595327e+00
5.966266266266267166e+02 1.442467297877698895e+00
5.996196196196196979e+02 1.439766928982450178e+00
6.026126126126126792e+02 1.437078965111850515e+00
6.056056056056056605e+02 1.434410126039225686e+00
6.085985985985986417e+02 1.431766968399064810e+00
6.115915915915917367e+02 1.429155887142381065e+00
6.145845845845846043e+02 1.426583116392355022e+00
6.175775775775775855e+02 1.424054729531771812e+00
6.205705705705706805e+02 1.421576637735940007e+00
6.235635635635636618e+02 1.419154583729840713e+00
6.265565565565566430e+02 1.416794125596366749e+00
6.295495495495495106e+02 1.414500633065221669e+00
6.325425425425426056e+02 1.412278753850791491e+00
6.355355355355357005e+02 1.410129625348689686e+00
6.385285285285285681e+02 1.408052944874465418e+00
6.415215215215215494e+02 1.406048235962442883e+00
6.445145145145145307e+02 1.404114871022081878e+00
6.475075075075076256e+02 1.402252091372206078e+00
6.505005005005006069e+02 1.400459086010315435e+00
6.534934934934934745e+02 1.398734996849263723e+00
6.564864864864865694e+02 1.397078882308532277e+00
6.594794794794795507e+02 1.395489730662666572e+00
6.624724724724725320e+02 1.393966473856571131e+00
6.654654654654655133e+02 1.392508000252941081e+00
6.684584584584584945e+02 1.391113166479984731e+00
6.714514514514515895e+02 1.389780788598582451e+00
6.744444444444444571e+02 1.388506596285206340e+00
6.774374374374374383e+02 1.387280189364606731e+00
6.804304304304305333e+02 1.386090803459488763e+00
6.834234234234235146e+02 1.384928078184004541e+00
6.864164164164164958e+02 1.383782029869513819e+00
6.894094094094094771e+02 1.382643028730725421e+00
6.924024024024024584e+02 1.381501780058273399e+00
6.953953953953955534e+02 1.380349311636831944e+00
6.983883883883884209e+02 1.379176969358693494e+00
7.013813813813814022e+02 1.377976425694220408e+00
7.043743743743744972e+02 1.376739653977222755e+00
7.073673673673674784e+02 1.375458915609548027e+00
7.103603603603604597e+02 1.374126758431740480e+00
7.133533533533533273e+02 1.372736017033513889e+00
7.163463463463464223e+02 1.371280845583249031e+00
7.193393393393395172e+02 1.369765955074616626e+00
7.223323323323323848e+02 1.368201872169811706e+00
7.253253253253253661e+02 1.366598889617016699e+00
7.283183183183183473e+02 1.364966981911871713e+00
7.313113113113114423e+02 1.363315827176125650e+00
7.343043043043044236e+02 1.361654814631686472e+00
7.372972972972972912e+02 1.359993048547501360e+00
7.402902902902903861e+02 1.358339353090732837e+00
7.432832832832833674e+02 1.356702277989544125e+00
7.462762762762763487e+02 1.355090104929102202e+00
7.492692692692693299e+02 1.353510855189065998e+00
7.522622622622623112e+02 1.351972298406010076e+00
7.552552552552554062e+02 1.350481965627430059e+00
7.582482482482482737e+02 1.349047152527909521e+00
7.612412412412412550e+02 1.347674887009314926e+00
7.642342342342343500e+02 1.346367162075352342e+00
7.672272272272273312e+02 1.345116548378507693e+00
7.702202202202203125e+02 1.343914732654591049e+00
7.732132132132131801e+02 1.342753617296967850e+00
7.762062062062062751e+02 1.341625313910788986e+00
7.791991991991993700e+02 1.340522136307710221e+00
7.821921921921922376e+02 1.339436597861234590e+00
7.851851851851852189e+02 1.338361407145874260e+00
7.881781781781783138e+02 1.337289458476315529e+00
7.911711711711712951e+02 1.336213826043131769e+00
7.941641641641642764e+02 1.335127758426604805e+00
7.971571571571571440e+02 1.334024673242674153e+00
8.001501501501502389e+02 1.332898151918505025e+00
8.031431431431433339e+02 1.331741934595118471e+00
8.061361361361362015e+02 1.330549915051933763e+00
8.091291291291291827e+02 1.329316135135218069e+00
8.121221221221221640e+02 1.328035638108518324e+00
8.151151151151152590e+02 1.326710230380705235e+00
8.181081081081082402e+02 1.325344764222429195e+00
8.211011011011011078e+02 1.323944004047992840e+00
8.240940940940942028e+02 1.322512612564510803e+00
8.270870870870871840e+02 1.321055154190585945e+00
8.300800800800801653e+02 1.319576098173299572e+00
8.330730730730731466e+02 1.318079821422414755e+00
8.360660660660661279e+02 1.316570611245031053e+00
8.390590590590592228e+02 1.315052668663006186e+00
8.420520520520520904e+02 1.313530107458544149e+00
8.450450450450450717e+02 1.312006956503651178e+00
8.480380380380381666e+02 1.310487163385591458e+00
8.510310310310311479e+02 1.308974595224695170e+00
8.540240240240241292e+02 1.307473039978776175e+00
8.570170170170169968e+02 1.305986207585604575e+00
8.600100100100100917e+02 1.304517730952517107e+00
8.630030030030031867e+02 1.303071158964871801e+00
8.659959959959960543e+02 1.301649092853871315e+00
8.689889889889890355e+02 1.300252420200111114e+00
8.719819819819820168e+02 1.298881806291427132e+00
8.749749749749751118e+02 1.297537889975187708e+00
8.779679679679680930e+02 1.296221278723930892e+00
8.809609609609609606e+02 1.294932546328426026e+00
8.839539539539540556e+02 1.293672234938198606e+00
8.869469469469470368e+02 1.292440856729481391e+00
8.899399399399400181e+02 1.291238895553689314e+00
8.929329329329329994e+02 1.290066808563732126e+00
8.959259259259259807e+02 1.288925027815925439e+00
8.989189189189190756e+02 1.287813961845094113e+00
9.019119119119120569e+02 1.286733997116184192e+00
9.049049049049049245e+02 1.285685498539036686e+00
9.078978978978980194e+02 1.284668804330621805e+00
9.108908908908910007e+02 1.283684232533779612e+00
9.138838838838839820e+02 1.282732086004023220e+00
9.168768768768769633e+02 1.281812653219333686e+00
9.198698698698699445e+02 1.280926135980218650e+00
9.228628628628630395e+02 1.280071608537137307e+00
9.258558558558559071e+02 1.279247299536605764e+00
9.288488488488488883e+02 1.278451458210841718e+00
9.318418418418419833e+02 1.277682376108613571e+00
9.348348348348349646e+02 1.276938385715327362e+00
9.378278278278279458e+02 1.276217860732045128e+00
9.408208208208208134e+02 1.275519219879075017e+00
9.438138138138139084e+02 1.274840928802148721e+00
9.468068068068070033e+02 1.274181487660789314e+00
9.497997997997998709e+02 1.273539429623376407e+00
9.527927927927928522e+02 1.272913320020754968e+00
9.557857857857858335e+02 1.272301755245956345e+00
9.587787787787789284e+02 1.271703361715357472e+00
9.617717717717719097e+02 1.271116794888070833e+00
9.647647647647647773e+02 1.270540738340543152e+00
9.677577577577578722e+02 1.269973902893502427e+00
9.707507507507508535e+02 1.269415025206334757e+00
9.737437437437438348e+02 1.268862864596079554e+00
9.767367367367368161e+02 1.268316195015186665e+00
9.797297297297297973e+02 1.267773713688260973e+00
9.827227227227228923e+02 1.267233286450802021e+00
9.857157157157157599e+02 1.266692349180936095e+00
9.887087087087087411e+02 1.266148386268890702e+00
9.917017017017018361e+02 1.265598934748348059e+00
9.946946946946948174e+02 1.265041583422140903e+00
9.976876876876877986e+02 1.264473972165852889e+00
1.000680680680680780e+03 1.263893791397960875e+00
1.003673673673673761e+03 1.263298781705713303e+00
1.006666666666666856e+03 1.262686733589660104e+00
1.009659659659659610e+03 1.262055487073638682e+00
1.012652652652652705e+03 1.261402934110446461e+00
1.015645645645645800e+03 1.260727022955160148e+00
1.018638638638638781e+03 1.260025752744972971e+00
1.021631631631631876e+03 1.259297172744475501e+00
1.024624624624624630e+03 1.258539383043790982e+00
1.027617617617617725e+03 1.257750535099724898e+00
1.030610610610610820e+03 1.256928832319956335e+00
1.033603603603603688e+03 1.256072530709188895e+00
1.036596596596596555e+03 1.255179939568982439e+00
1.039589589589589650e+03 1.254249422243131296e+00
1.042582582582582745e+03 1.253279617300196991e+00
1.045575575575575840e+03 1.252273091835908403e+00
1.048568568568568708e+03 1.251235673266264392e+00
1.051561561561561575e+03 1.250173167869242485e+00
1.054554554554554670e+03 1.249091250882336634e+00
1.057547547547547538e+03 1.247995465001152438e+00
1.060540540540540633e+03 1.246891220430631275e+00
1.063533533533533728e+03 1.245783795799034754e+00
1.066526526526526595e+03 1.244678339877309137e+00
1.069519519519519690e+03 1.243579873941675240e+00
1.072512512512512558e+03 1.242493294727857744e+00
1.075505505505505653e+03 1.241423377929124827e+00
1.078498498498498748e+03 1.240374782193152337e+00
1.081491491491491388e+03 1.239352053575787593e+00
1.084484484484484483e+03 1.238359630546480350e+00
1.087477477477477578e+03 1.237401850830373018e+00
1.090470470470470673e+03 1.236482953969566756e+00
1.093463463463463768e+03 1.235607080440656480e+00
1.096456456456456408e+03 1.234778284420537720e+00
1.099449449449449503e+03 1.234000541941906226e+00
1.102442442442442598e+03 1.233277757907957906e+00
1.105435435435435465e+03 1.232613772924913587e+00
1.108428428428428560e+03 1.232012370431673887e+00
1.111421421421421428e+03 1.231475552931028172e+00
1.114414414414414523e+03 1.230999002423199817e+00
1.117407407407407618e+03 1.230577066195438052e+00
1.120400400400400486e+03 1.230204210844208168e+00
1.123393393393393580e+03 1.229875013390593352e+00
1.126386386386386448e+03 1.229584153148746584e+00
1.129379379379379316e+03 1.229326403750337082e+00
1.132372372372372411e+03 1.229096631776076975e+00
1.135365365365365506e+03 1.228889794809740810e+00
1.138358358358358601e+03 1.228700929701310951e+00
1.141351351351351468e+03 1.228525145325900958e+00
1.144344344344344336e+03 1.228357622172122632e+00
1.147337337337337431e+03 1.228193610913953959e+00
1.150330330330330526e+03 1.228028430624925171e+00
1.153323323323323393e+03 1.227857467590825369e+00
1.156316316316316261e+03 1.227676174699132927e+00
1.159309309309309356e+03 1.227480071377706539e+00
1.162302302302302451e+03 1.227264744055962753e+00
1.165295295295295546e+03 1.227025847122176661e+00
1.168288288288288413e+03 1.226759104218915652e+00
1.171281281281281281e+03 1.226460308340636463e+00
1.174274274274274376e+03 1.226125323796779742e+00
1.177267267267267243e+03 1.225750087743574523e+00
1.180260260260260338e+03 1.225330615937072931e+00
1.183253253253253433e+03 1.224864490167096420e+00
1.186246246246246528e+03 1.224354638675270612e+00
1.189239239239239396e+03 1.223805134608818568e+00
1.192232232232232263e+03 1.223219994760282203e+00
1.195225225225225358e+03 1.222603176758769505e+00
1.198218218218218453e+03 1.221958576717021128e+00
1.201211211211211321e+03 1.221290027317629479e+00
1.204204204204204188e+03 1.220601296319174356e+00
1.207197197197197283e+03 1.219896085462617741e+00
1.210190190190190378e+03 1.219178029758226867e+00
1.213183183183183473e+03 1.218450697275000438e+00
1.216176176176176341e+03 1.217717590073139400e+00
1.219169169169169209e+03 1.216982143707904473e+00
1.222162162162162304e+03 1.216247727036108728e+00
1.225155155155155171e+03 1.215517643547266768e+00
1.228148148148148266e+03 1.214795132748795359e+00
1.231141141141141361e+03 1.214083371810376510e+00
1.234134134134134229e+03 1.213385476714676114e+00
1.237127127127127324e+03 1.212704504233823366e+00
1.240120120120120191e+03 1.212043454027951883e+00
1.243113113113113286e+03 1.211405270912662147e+00
1.246106106106106381e+03 1.210792847305405040e+00
1.249099099099099021e+03 1.210209025839365626e+00
1.252092092092092116e+03 1.209656602134348002e+00
1.255085085085085211e+03 1.209138327715288286e+00
1.258078078078078306e+03 1.208656809994052894e+00
1.261071071071071401e+03 1.208212150586428946e+00
1.264064064064064041e+03 1.207801935408863603e+00
1.267057057057057136e+03 1.207423681927340064e+00
1.270050050050050231e+03 1.207074952101133913e+00
1.273043043043043099e+03 1.206753349555532928e+00
1.276036036036036194e+03 1.206456517449685517e+00
1.279029029029029061e+03 1.206182136569261543e+00
1.282022022022022156e+03 1.205927923825325765e+00
1.285015015015015251e+03 1.205691630547494952e+00
1.288008008008008119e+03 1.205471040995849785e+00
1.291001001001001214e+03 1.205263971001760748e+00
1.293993993993994081e+03 1.205068266724405035e+00
1.296986986986986949e+03 1.204881803517902084e+00
1.299979979979980044e+03 1.204702484904364601e+00
1.302972972972973139e+03 1.204528241648404885e+00
1.305965965965966234e+03 1.204357030920675697e+00
1.308958958958959101e+03 1.204186835311350068e+00
1.311951951951951969e+03 1.204015662188750113e+00
1.314944944944945064e+03 1.203841543764594180e+00
1.317937937937938159e+03 1.203662536436997721e+00
1.320930930930931027e+03 1.203476720207957484e+00
1.323923923923923894e+03 1.203282198372759737e+00
1.326916916916916989e+03 1.203077097314796173e+00
1.329909909909910084e+03 1.202859566056623697e+00
1.332902902902903179e+03 1.202627776293257567e+00
1.335895895895896047e+03 1.202379922425563574e+00
1.338888888888888914e+03 1.202114234090042810e+00
1.341881881881882009e+03 1.201830008953722384e+00
1.344874874874874877e+03 1.201528368368238286e+00
1.347867867867867972e+03 1.201210603154576173e+00
1.350860860860861067e+03 1.200877990364503045e+00
1.353853853853853934e+03 1.200531793383455392e+00
1.356846846846847029e+03 1.200173262110221684e+00
1.359839839839839897e+03 1.199803633454275209e+00
1.362832832832832992e+03 1.199424130767634100e+00
1.365825825825826087e+03 1.199035963281615214e+00
1.368818818818818727e+03 1.198640326937021827e+00
1.371811811811811822e+03 1.198238404597600670e+00
1.374804804804804917e+03 1.197831366118787155e+00
1.377797797797798012e+03 1.197420368152753767e+00
1.380790790790791107e+03 1.197006554361390140e+00
1.383783783783783747e+03 1.196591055699160577e+00
1.386776776776776842e+03 1.196174990472406163e+00
1.389769769769769937e+03 1.195759464418337137e+00
1.392762762762762804e+03 1.195345570782379685e+00
1.395755755755755899e+03 1.194934390393915580e+00
1.398748748748748994e+03 1.194526991740454402e+00
1.401741741741741862e+03 1.194124431040290979e+00
1.404734734734734957e+03 1.193727752313715085e+00
1.407727727727727824e+03 1.193337987419027302e+00
1.410720720720720919e+03 1.192956155750560132e+00
1.413713713713714014e+03 1.192583264823441125e+00
1.416706706706706655e+03 1.192220311904975905e+00
1.419699699699699750e+03 1.191868282855552019e+00
1.422692692692692845e+03 1.191528151715168349e+00
1.425685685685685939e+03 1.191200872287125678e+00
1.428678678678679034e+03 1.190886864533146294e+00
1.431671671671671675e+03 1.190585726903226060e+00
1.434664664664664770e+03 1.190296989908428804e+00
1.437657657657657865e+03 1.190020187840928889e+00
1.440650650650650732e+03 1.189754858871886478e+00
1.443643643643643827e+03 1.189500545125589559e+00
1.446636636636636695e+03 1.189256792744219249e+00
1.449629629629629790e+03 1.189023151943509937e+00
1.452622622622622885e+03 1.188799177059611578e+00
1.455615615615615752e+03 1.188584426587449894e+00
1.458608608608608847e+03 1.188378463210860048e+00
1.461601601601601715e+03 1.188180853927250924e+00
1.464594594594594582e+03 1.187991170723145196e+00
1.467587587587587677e+03 1.187808989336447629e+00
1.470580580580580772e+03 1.187633887229735175e+00
1.473573573573573867e+03 1.187465445631440186e+00
1.476566566566566735e+03 1.187303250005530497e+00
1.479559559559559602e+03 1.187146890031803625e+00
1.482552552552552697e+03 1.186995959573828197e+00
1.485545545545545792e+03 1.186850056309421308e+00
1.488538538538538660e+03 1.186708781442009419e+00
1.491531531531531527e+03 1.186571740151394438e+00
1.494524524524524622e+03 1.186438541655824741e+00
1.497517517517517717e+03 1.186308799159756733e+00
1.500510510510510812e+03 1.186182129794992157e+00
1.503503503503503680e+03 1.186058154557107391e+00
1.506496496496496547e+03 1.185936498237332604e+00
1.509489489489489642e+03 1.185816789350083500e+00
1.512482482482482510e+03 1.185698660056291986e+00
1.515475475475475605e+03 1.185581746080145216e+00
1.518468468468468700e+03 1.185465686360568816e+00
1.521461461461461568e+03 1.185350123282675083e+00
1.524454454454454662e+03 1.185234704692120333e+00
1.527447447447447530e+03 1.185119083519176275e+00
1.530440440440440625e+03 1.185002916601283207e+00
1.533433433433433720e+03 1.184885864556320056e+00
1.536426426426426360e+03 1.184767591703757894e+00
1.539419419419419455e+03 1.184647765994406798e+00
1.542412412412412550e+03 1.184526059188354630e+00
1.545405405405405645e+03 1.184402147020672036e+00
1.548398398398398740e+03 1.184275708608953925e+00
1.551391391391391380e+03 1.184146426474791403e+00
1.554384384384384475e+03 1.184013986518095640e+00
1.557377377377377570e+03 1.183878077988042898e+00
1.560370370370370438e+03 1.183738393460188831e+00
1.563363363363363533e+03 1.183594628819558014e+00
1.566356356356356400e+03 1.183446483249489534e+00
1.569349349349349495e+03 1.183293659226051897e+00
1.572342342342342590e+03 1.183135862517842751e+00
1.575335335335335458e+03 1.182972802116880384e+00
1.578328328328328553e+03 1.182804190033594827e+00
1.581321321321321420e+03 1.182629740965022158e+00
1.584314314314314288e+03 1.182449171959480294e+00
1.587307307307307383e+03 1.182262203353071195e+00
1.590300300300300478e+03 1.182068558900703614e+00
1.593293293293293573e+03 1.181867965808790055e+00
1.596286286286286440e+03 1.181660154771947635e+00
1.599279279279279308e+03 1.181444860011961584e+00
1.602272272272272403e+03 1.181221819138679852e+00
1.605265265265265498e+03 1.180990773235747637e+00
1.608258258258258365e+03 1.180751467248560171e+00
1.611251251251251460e+03 1.180503649860064286e+00
1.614244244244244328e+03 1.180247073537882718e+00
1.617237237237237423e+03 1.179981526114615153e+00
1.620230230230230518e+03 1.179707181674001015e+00
1.623223223223223386e+03 1.179424467894639283e+00
1.626216216216216480e+03 1.179133812870704290e+00
1.629209209209209348e+03 1.178835640365803128e+00
1.632202202202202216e+03 1.178530369759865248e+00
1.635195195195195311e+03 1.178218415997020596e+00
1.638188188188188406e+03 1.177900189542554266e+00
1.641181181181181501e+03 1.177576097238079766e+00
1.644174174174174368e+03 1.177246542868009671e+00
1.647167167167167236e+03 1.176911925794899672e+00
1.650160160160160331e+03 1.176572640806574199e+00
1.653153153153153426e+03 1.176229078111612703e+00
1.656146146146146293e+03 1.175881623340883531e+00
1.659139139139139161e+03 1.175530657554946679e+00
1.662132132132132256e+03 1.175176557264437482e+00
1.665125125125125351e+03 1.174819694533639103e+00
1.668118118118118446e+03 1.174460436741187719e+00
1.671111111111111313e+03 1.174099146659225656e+00
1.674104104104104181e+03 1.173736182607987066e+00
1.677097097097097276e+03 1.173371898494486976e+00
1.680090090090090143e+03 1.173006643855139197e+00
1.683083083083083238e+03 1.172640763902643046e+00
1.686076076076076333e+03 1.172274599576967891e+00
1.689069069069069201e+03 1.171908487600262339e+00
1.692062062062062296e+03 1.171542760535523087e+00
1.695055055055055163e+03 1.171177746853435453e+00
1.698048048048048258e+03 1.170813771329427988e+00
1.701041041041041353e+03 1.170451155255638698e+00
1.704034034034033994e+03 1.170090214754385016e+00
1.707027027027027088e+03 1.169731261009181456e+00
1.710020020020020183e+03 1.169374601438975647e+00
1.713013013013013278e+03 1.169020539814985549e+00
1.716006006006006373e+03 1.168669376344142252e+00
1.718998998998999014e+03 1.168321407755077646e+00
1.721991991991992109e+03 1.167976924839800201e+00
1.724984984984985203e+03 1.167636188114044238e+00
1.727977977977978071e+03 1.167299439647702330e+00
1.730970970970971166e+03 1.166966919782546741e+00
1.733963963963964034e+03 1.166638867643875699e+00
1.736956956956957129e+03 1.166315521017595724e+00
1.739949949949950224e+03 1.165997116352870622e+00
1.742942942942943091e+03 1.165683888782410138e+00
1.745935935935936186e+03 1.165376072140793307e+00
1.748928928928929054e+03 1.165073898980891753e+00
1.751921921921921921e+03 1.164777600588434048e+00
1.754914914914915016e+03 1.164487406994749064e+00
1.757907907907908111e+03 1.164203546987735649e+00
1.760900900900901206e+03 1.163926248105377148e+00
1.763893893893894074e+03 1.163655736536373109e+00
1.766886886886886941e+03 1.163392237432865350e+00
1.769879879879880036e+03 1.163135975595212646e+00
1.772872872872873131e+03 1.162887174797551548e+00
1.775865865865865999e+03 1.162646057593023974e+00
1.778858858858858866e+03 1.162412845313513854e+00
1.781851851851851961e+03 1.162187758067891874e+00
1.784844844844845056e+03 1.161971014738812924e+00
1.787837837837838151e+03 1.161762832978095128e+00
1.790830830830831019e+03 1.161563429200708208e+00
1.793823823823823886e+03 1.161373018590971196e+00
1.796816816816816981e+03 1.161191815170703689e+00
1.799809809809809849e+03 1.161020031620592530e+00
1.802802802802802944e+03 1.160857879309409535e+00
1.805795795795796039e+03 1.160705568319339465e+00
1.808788788788788906e+03 1.160563307432323610e+00
1.811781781781782001e+03 1.160431304115232765e+00
1.814774774774774869e+03 1.160309764503890229e+00
1.817767767767767964e+03 1.160198893385989916e+00
1.820760760760761059e+03 1.160098894182925333e+00
1.823753753753753927e+03 1.160009968930558744e+00
1.826746746746746794e+03 1.159932318253375394e+00
1.829739739739739889e+03 1.159866141175392995e+00
1.832732732732732984e+03 1.159811619137747885e+00
1.835725725725726079e+03 1.159768484558341806e+00
1.838718718718718947e+03 1.159735974150076343e+00
1.841711711711711814e+03 1.159713304229335273e+00
1.844704704704704909e+03 1.159699696888835119e+00
1.847697697697697777e+03 1.159694379948671639e+00
1.850690690690690872e+03 1.159696586908620208e+00
1.853683683683683967e+03 1.159705556901644341e+00
1.856676676676676834e+03 1.159720534648597479e+00
1.859669669669669929e+03 1.159740770414095623e+00
1.862662662662662797e+03 1.159765519963037006e+00
1.865655655655655892e+03 1.159794044532802326e+00
1.868648648648648987e+03 1.159825610944866581e+00
1.871641641641641627e+03 1.159859491477693849e+00
1.874634634634634722e+03 1.159894963748083985e+00
1.877627627627627817e+03 1.159931310673138150e+00
1.880620620620620912e+03 1.159967820433684960e+00
1.883613613613614007e+03 1.160003786438676965e+00
1.886606606606606647e+03 1.160038507290561904e+00
1.889599599599599742e+03 1.160071286751603648e+00
1.892592592592592837e+03 1.160101433711125507e+00
1.895585585585585704e+03 1.160128262153731660e+00
1.898578578578578799e+03 1.160151091136909951e+00
1.901571571571571667e+03 1.160169244776711572e+00
1.904564564564564762e+03 1.160182052371159234e+00
1.907557557557557857e+03 1.160188848367525560e+00
1.910550550550550724e+03 1.160188972166703136e+00
1.913543543543543819e+03 1.160181768088857979e+00
1.916536536536536687e+03 1.160166585347412793e+00
1.919529529529529555e+03 1.160142778023787402e+00
1.922522522522522650e+03 1.160109705042892569e+00
1.925515515515515744e+03 1.160066730149331038e+00
1.928508508508508839e+03 1.160013221884327983e+00
1.931501501501501707e+03 1.159948553563341811e+00
1.934494494494494575e+03 1.159872103250133790e+00
1.937487487487487670e+03 1.159783253603215547e+00
1.940480480480480765e+03 1.159681391708687226e+00
1.943473473473473632e+03 1.159565909253871041e+00
1.946466466466466500e+03 1.159436202601059840e+00
1.949459459459459595e+03 1.159291672770098369e+00
1.952452452452452690e+03 1.159131850979923328e+00
1.955445445445445785e+03 1.158957142790986161e+00
1.958438438438438652e+03 1.158768319763577637e+00
1.961431431431431520e+03 1.158566149236332388e+00
1.964424424424424615e+03 1.158351392979600769e+00
1.967417417417417482e+03 1.158124807199489181e+00
1.970410410410410577e+03 1.157887142558881477e+00
1.973403403403403672e+03 1.157639144199835934e+00
1.976396396396396540e+03 1.157381551505444417e+00
1.979389389389389635e+03 1.157115098070290449e+00
1.982382382382382502e+03 1.156840511984400743e+00
1.985375375375375597e+03 1.156558515873972404e+00
1.988368368368368692e+03 1.156269826928874034e+00
1.991361361361361332e+03 1.155975156933150672e+00
1.994354354354354427e+03 1.155675212298476140e+00
1.997347347347347522e+03 1.155370694100456896e+00
2.000340340340340390e+03 1.155062298117710329e+00
2.003333333333333485e+03 1.154750714873650885e+00
2.006326326326326353e+03 1.154436629680903881e+00
2.009319319319319447e+03 1.154120722691531764e+00
2.012312312312312088e+03 1.153803669070665450e+00
2.015305305305305183e+03 1.153486139260340382e+00
2.018298298298298278e+03 1.153168798829040220e+00
2.021291291291291145e+03 1.152852308390880820e+00
2.024284284284284240e+03 1.152537323662371049e+00
2.027277277277277335e+03 1.152224495523319625e+00
2.030270270270270430e+03 1.151914470079843156e+00
2.033263263263263525e+03 1.151607888729399010e+00
2.036256256256256165e+03 1.151305388227802595e+00
2.039249249249249033e+03 1.151007600758162663e+00
2.042242242242242128e+03 1.150715154001758833e+00
2.045235235235235223e+03 1.150428671228417521e+00
2.048228228228228090e+03 1.150148771397093705e+00
2.051221221221221185e+03 1.149876069284790470e+00
2.054214214214214280e+03 1.149611175570512067e+00
2.057207207207206920e+03 1.149354696815519716e+00
2.060200200200200015e+03 1.149107235538662009e+00
2.063193193193193110e+03 1.148869390298895121e+00
2.066186186186186205e+03 1.148641755779326035e+00
2.069179179179179300e+03 1.148424922872701481e+00
2.072172172172172395e+03 1.148219478768322199e+00
2.075165165165165035e+03 1.148026007040357177e+00
2.078158158158158130e+03 1.147845052621605522e+00
2.081151151151151225e+03 1.147676647899625868e+00
2.084144144144143866e+03 1.147520441707421845e+00
2.087137137137136961e+03 1.147376076237873965e+00
2.090130130130130055e+03 1.147243196333679993e+00
2.093123123123123150e+03 1.147121449244578928e+00
2.096116116116116245e+03 1.147010484778501427e+00
2.099109109109109340e+03 1.146909955358679012e+00
2.102102102102102435e+03 1.146819515969589309e+00
2.105095095095094621e+03 1.146738824103186172e+00
2.108088088088087716e+03 1.146667539706867966e+00
2.111081081081080811e+03 1.146605325133190911e+00
2.114074074074073906e+03 1.146551845091251076e+00
2.117067067067067001e+03 1.146506766599721727e+00
2.120060060060060096e+03 1.146469758940942940e+00
2.123053053053053191e+03 1.146440493550712869e+00
2.126046046046046285e+03 1.146418643917890279e+00
2.129039039039039380e+03 1.146403885741282158e+00
2.132032032032032021e+03 1.146395896900326727e+00
2.135025025025025116e+03 1.146394357338387682e+00
2.138018018018017756e+03 1.146398949023111458e+00
2.141011011011010851e+03 1.146409355911431449e+00
2.144004004004003946e+03 1.146425263915955339e+00
2.146996996996997041e+03 1.146446360872691361e+00
2.149989989989990136e+03 1.146472336510113710e+00
2.152982982982982776e+03 1.146502882419513591e+00
2.155975975975975871e+03 1.146537692026623478e+00
2.158968968968968966e+03 1.146576460564509459e+00
2.161961961961962061e+03 1.146618885047662850e+00
2.164954954954955156e+03 1.146664664247311727e+00
2.167947947947947796e+03 1.146713498672224496e+00
2.170940940940940891e+03 1.146765090692082767e+00
2.173933933933933986e+03 1.146819144653157263e+00
2.176926926926927081e+03 1.146875366652690076e+00
2.179919919919919721e+03 1.146933464436603822e+00
2.182912912912912816e+03 1.146993147380562350e+00
2.185905905905905911e+03 1.147054126473130653e+00
2.188898898898899006e+03 1.147116114299944645e+00
2.191891891891892101e+03 1.147178825028907889e+00
2.194884884884885196e+03 1.147241974396387088e+00
2.197877877877877836e+03 1.147305279694370128e+00
2.200870870870870476e+03 1.147368459759054549e+00
2.203863863863863571e+03 1.147431234988620652e+00
2.206856856856856666e+03 1.147493327341543745e+00
2.209849849849849761e+03 1.147554460168558776e+00
2.212842842842842856e+03 1.147614364206379411e+00
2.215835835835835951e+03 1.147672841224101958e+00
2.218828828828829046e+03 1.147729738986821957e+00
2.221821821821822141e+03 1.147784906835388252e+00
2.224814814814815236e+03 1.147838194927980782e+00
2.227807807807807421e+03 1.147889454238358198e+00
2.230800800800800516e+03 1.147938536554506728e+00
2.233793793793793611e+03 1.147985294477644080e+00
2.236786786786786706e+03 1.148029581421611045e+00
2.239779779779779801e+03 1.148071251612602595e+00
2.242772772772772896e+03 1.148110160089276244e+00
2.245765765765765991e+03 1.148146162703193474e+00
2.248758758758758631e+03 1.148179116119598442e+00
2.251751751751751726e+03 1.148208877815613649e+00
2.254744744744744821e+03 1.148235305955687346e+00
2.257737737737737461e+03 1.148258259276108362e+00
2.260730730730730556e+03 1.148277597268139383e+00
2.263723723723723651e+03 1.148293180246952705e+00
2.266716716716716746e+03 1.148304869355346369e+00
2.269709709709709841e+03 1.148312526566722225e+00
2.272702702702702936e+03 1.148316014688356423e+00
2.275695695695695576e+03 1.148315197364949691e+00
2.278688688688688671e+03 1.148309939082452713e+00
2.281681681681681766e+03 1.148300105172155527e+00
2.284674674674674861e+03 1.148285561815931999e+00
2.287667667667667502e+03 1.148266176090076973e+00
2.290660660660660596e+03 1.148241815986745795e+00
2.293653653653653691e+03 1.148212350382304958e+00
2.296646646646646332e+03 1.148177649032250169e+00
2.299639639639639427e+03 1.148137582566373327e+00
2.302632632632632522e+03 1.148092022494297648e+00
2.305625625625625617e+03 1.148040841211393381e+00
2.308618618618618711e+03 1.147983912004892471e+00
2.311611611611611806e+03 1.147921109060203060e+00
2.314604604604604901e+03 1.147852307467424282e+00
2.317597597597597542e+03 1.147777383228038461e+00
2.320590590590590637e+03 1.147696213261790943e+00
2.323583583583583277e+03 1.147608675413739565e+00
2.326576576576576372e+03 1.147514648461470887e+00
2.329569569569569467e+03 1.147414012122483173e+00
2.332562562562562562e+03 1.147306647061718365e+00
2.335555555555555657e+03 1.147192434899246827e+00
2.338548548548548752e+03 1.147071258218689049e+00
2.341541541541541847e+03 1.146943000646618360e+00
2.344534534534534487e+03 1.146807546960447732e+00
2.347527527527527582e+03 1.146664782973315200e+00
2.350520520520520222e+03 1.146514595493368871e+00
2.353513513513513317e+03 1.146356872330860588e+00
2.356506506506506412e+03 1.146191541422980853e+00
2.359499499499499507e+03 1.146018810354543005e+00
2.362492492492492602e+03 1.145839006735771548e+00
2.365485485485485697e+03 1.145652456796429908e+00
2.368478478478478792e+03 1.145459484863584398e+00
2.371471471471471432e+03 1.145260413340118966e+00
2.374464464464464527e+03 1.145055562688387152e+00
2.377457457457457622e+03 1.144845251415426368e+00
2.380450450450450262e+03 1.144629796066019667e+00
2.383443443443443357e+03 1.144409511203759999e+00
2.386436436436436452e+03 1.144184709391302679e+00
2.389429429429429547e+03 1.143955701180803697e+00
2.392422422422422187e+03 1.143722795106350443e+00
2.395415415415415282e+03 1.143486297678239838e+00
2.398408408408408377e+03 1.143246513379072571e+00
2.401401401401401472e+03 1.143003744661599708e+00
2.404394394394394567e+03 1.142758291948302585e+00
2.407387387387387662e+03 1.142510453632678669e+00
2.410380380380380302e+03 1.142260526082164995e+00
2.413373373373373397e+03 1.142008803642692971e+00
2.416366366366366492e+03 1.141755578644820801e+00
2.419359359359359132e+03 1.141501141411420006e+00
2.422352352352352227e+03 1.141245780266872734e+00
2.425345345345345322e+03 1.140989781547739224e+00
2.428338338338338417e+03 1.140733429614880556e+00
2.431331331331331512e+03 1.140477006837092411e+00
2.434324324324324607e+03 1.140220793515677622e+00
2.437317317317317702e+03 1.139965067993817804e+00
2.440310310310309887e+03 1.139710106702774839e+00
2.443303303303302982e+03 1.139456184180408060e+00
2.446296296296296077e+03 1.139203573091261745e+00
2.449289289289289172e+03 1.138952544247868959e+00
2.452282282282282267e+03 1.138703366633254888e+00
2.455275275275275362e+03 1.138456307424600578e+00
2.458268268268268457e+03 1.138211632018038211e+00
2.461261261261261552e+03 1.137969604054099415e+00
2.464254254254254647e+03 1.137730485389097046e+00
2.467247247247247287e+03 1.137494536066085304e+00
2.470240240240239928e+03 1.137262014364625928e+00
2.473233233233233022e+03 1.137033176860986705e+00
2.476226226226226117e+03 1.136808278522002391e+00
2.479219219219219212e+03 1.136587572738831708e+00
2.482212212212212307e+03 1.136371311359898106e+00
2.485205205205205402e+03 1.136159744724761556e+00
2.488198198198198043e+03 1.135953121698881407e+00
2.491191191191191137e+03 1.135751689709270984e+00
2.494184184184184232e+03 1.135555694781012592e+00
2.497177177177177327e+03 1.135365381574622745e+00
2.500170170170169968e+03 1.135180993424251161e+00
2.503163163163163063e+03 1.135002772376693780e+00
2.506156156156156158e+03 1.134830959231215575e+00
2.509149149149149252e+03 1.134665754488473510e+00
2.512142142142142347e+03 1.134507112726842681e+00
2.515135135135134988e+03 1.134354894393185154e+00
2.518128128128128083e+03 1.134208960836375013e+00
2.521121121121121178e+03 1.134069174485905052e+00
2.524114114114114273e+03 1.133935398829300389e+00
2.527107107107107367e+03 1.133807498462700680e+00
2.530100100100100008e+03 1.133685339047004748e+00
2.533093093093093103e+03 1.133568787218209417e+00
2.536086086086085743e+03 1.133457710563944509e+00
2.539079079079078838e+03 1.133351977600155047e+00
2.542072072072071933e+03 1.133251457748506219e+00
2.545065065065065028e+03 1.133156021314495110e+00
2.548058058058058123e+03 1.133065539466270089e+00
2.551051051051051218e+03 1.132979884214122324e+00
2.554044044044044313e+03 1.132898928390658977e+00
2.557037037037037408e+03 1.132822545632013345e+00
2.560030030030030048e+03 1.132750610362448729e+00
2.563023023023022688e+03 1.132682997869295605e+00
2.566016016016015783e+03 1.132619584326936879e+00
2.569009009009008878e+03 1.132560246652162705e+00
2.572002002002001973e+03 1.132504862477345275e+00
2.574994994994995068e+03 1.132453310134972524e+00
2.577987987987988163e+03 1.132405468642755597e+00
2.580980980980981258e+03 1.132361217689307420e+00
2.583973973973973898e+03 1.132320437620383702e+00
2.586966966966966993e+03 1.132283009425657738e+00
2.589959959959960088e+03 1.132248814726050101e+00
2.592952952952952728e+03 1.132217735761576360e+00
2.595945945945945823e+03 1.132189655379725268e+00
2.598938938938938918e+03 1.132164457024344983e+00
2.601931931931932013e+03 1.132142024725030227e+00
2.604924924924925108e+03 1.132122243087017255e+00
2.607917917917918203e+03 1.132104997281550673e+00
2.610910910910910843e+03 1.132090173036748970e+00
2.613903903903903938e+03 1.132077656628927453e+00
2.616896896896897033e+03 1.132067334874400144e+00
2.619889889889890128e+03 1.132059095121727532e+00
2.622882882882882768e+03 1.132052825228087922e+00
2.625875875875875863e+03 1.132048413470389425e+00
2.628868868868868958e+03 1.132045748583142553e+00
2.631861861861861598e+03 1.132044719803946498e+00
2.634854854854854693e+03 1.132045216871343518e+00
2.637847847847847788e+03 1.132047130019668835e+00
2.640840840840840883e+03 1.132050349974327519e+00
2.643833833833833978e+03 1.132054767947474172e+00
2.646826826826827073e+03 1.132060275634089175e+00
2.649819819819820168e+03 1.132066765208454839e+00
2.652812812812812808e+03 1.132074129325607803e+00
2.655805805805805903e+03 1.132082261201147411e+00
2.658798798798798543e+03 1.132091054588403756e+00
2.661791791791791638e+03 1.132100403660449839e+00
2.664784784784784733e+03 1.132110203042133501e+00
2.667777777777777828e+03 1.132120347823958983e+00
2.670770770770770923e+03 1.132130736194847831e+00
2.673763763763764018e+03 1.132141306953882598e+00
2.676756756756757113e+03 1.132152030464554482e+00
2.679749749749749753e+03 1.132162878054652211e+00
2.682742742742742394e+03 1.132173821184624618e+00
2.685735735735735489e+03 1.132184831447581530e+00
2.688728728728728584e+03 1.132195880569244251e+00
2.691721721721721678e+03 1.132206940407842533e+00
2.694714714714714773e+03 1.132217982953967139e+00
2.697707707707707868e+03 1.132228980330359791e+00
2.700700700700700963e+03 1.132239904791662255e+00
2.703693693693694058e+03 1.132250728724116140e+00
2.706686686686686699e+03 1.132261424645209624e+00
2.709679679679679793e+03 1.132271965203283770e+00
2.712672672672672434e+03 1.132282323177083327e+00
2.715665665665665529e+03 1.132292471475271567e+00
2.718658658658658624e+03 1.132302383135892931e+00
2.721651651651651719e+03 1.132312031325794832e+00
2.724644644644644814e+03 1.132321389350562812e+00
2.727637637637637454e+03 1.132330430700725588e+00
2.730630630630630549e+03 1.132339129028209213e+00
2.733623623623623644e+03 1.132347458112725969e+00
2.736616616616616739e+03 1.132355391858780758e+00
2.739609609609609834e+03 1.132362904294841544e+00
2.742602602602602474e+03 1.132369969572475155e+00
2.745595595595595569e+03 1.132376561965441342e+00
2.748588588588588664e+03 1.132382655868749310e+00
2.751581581581581759e+03 1.132388225797679171e+00
2.754574574574574399e+03 1.132393246389951980e+00
2.757567567567567494e+03 1.132397692421569069e+00
2.760560560560560589e+03 1.132401538843410771e+00
2.763553553553553684e+03 1.132404760807573352e+00
2.766546546546546779e+03 1.132407333588524523e+00
2.769539539539539874e+03 1.132409232573588831e+00
2.772532532532532514e+03 1.132410433261743288e+00
2.775525525525525154e+03 1.132410911262367259e+00
2.778518518518518249e+03 1.132410642293964598e+00
2.781511511511511344e+03 1.132409602182857800e+00
2.784504504504504439e+03 1.132407766861849518e+00
2.787497497497497534e+03 1.132405112368854549e+00
2.790490490490490629e+03 1.132401614845506943e+00
2.793483483483483724e+03 1.132397250535728706e+00
2.796476476476476819e+03 1.132391995784282068e+00
2.799469469469469914e+03 1.132385827035288228e+00
2.802462462462462554e+03 1.132378720830719443e+00
2.805455455455455194e+03 1.132370653808860927e+00
2.808448448448448289e+03 1.132361602702760539e+00
2.811441441441441384e+03 1.132351544338630278e+00
2.814434434434434479e+03 1.132340455634245791e+00
2.817427427427427574e+03 1.132328313597302349e+00
2.820420420420420669e+03 1.132315095323758403e+00
2.823413413413413309e+03 1.132300777996151808e+00
2.826406406406406404e+03 1.132285338881885872e+00
2.829399399399399499e+03 1.132268755332184851e+00
2.832392392392392594e+03 1.132251004790617577e+00
2.835385385385385234e+03 1.132232064798750715e+00
2.838378378378378329e+03 1.132211912978739354e+00
2.841371371371371424e+03 1.132190527028582139e+00
2.844364364364364519e+03 1.132167886962912817e+00
2.847357357357357614e+03 1.132143988230866816e+00
2.850350350350350254e+03 1.132118832732571523e+00
2.853343343343343349e+03 1.132092422374378460e+00
2.856336336336336444e+03 1.132064759047797464e+00
2.859329329329329539e+03 1.132035844594283081e+00
2.862322322322322634e+03 1.132005680643179080e+00
2.865315315315315274e+03 1.131974268630626890e+00
2.868308308308308369e+03 1.131941609824326456e+00
2.871301301301301010e+03 1.131907705473202075e+00
2.874294294294294104e+03 1.131872556820060716e+00
2.877287287287287199e+03 1.131836165102575231e+00
2.880280280280280294e+03 1.131798531554284004e+00
2.883273273273273389e+03 1.131759657405567276e+00
2.886266266266266484e+03 1.131719543884623702e+00
2.889259259259259579e+03 1.131678192218434686e+00
2.892252252252252674e+03 1.131635603633722287e+00
2.895245245245245314e+03 1.131591779357898009e+00
2.898238238238237955e+03 1.131546720620003610e+00
2.901231231231231050e+03 1.131500428651653234e+00
2.904224224224224145e+03 1.131452904687949346e+00
2.907217217217217240e+03 1.131404149968408213e+00
2.910210210210210334e+03 1.131354165737871842e+00
2.913203203203203429e+03 1.131302953247414367e+00
2.916196196196196524e+03 1.131250513755231113e+00
2.919189189189189165e+03 1.131196848527536991e+00
2.922182182182182260e+03 1.131141958839445127e+00
2.925175175175174900e+03 1.131085845975842163e+00
2.928168168168167995e+03 1.131028511232257783e+00
2.931161161161161090e+03 1.130969955915724690e+00
2.934154154154154185e+03 1.130910181345629928e+00
2.937147147147147280e+03 1.130849188854542664e+00
2.940140140140140375e+03 1.130786979777829160e+00
2.943133133133133470e+03 1.130723555410314551e+00
2.946126126126126110e+03 1.130658917029677246e+00
2.949119119119119205e+03 1.130593065929368590e+00
2.952112112112112300e+03 1.130526003420586401e+00
2.955105105105104940e+03 1.130457730833073882e+00
2.958098098098098035e+03 1.130388249515917876e+00
2.961091091091091130e+03 1.130317560838335122e+00
2.964084084084084225e+03 1.130245666190457632e+00
2.967077077077076865e+03 1.130172566985457649e+00
2.970070070070069960e+03 1.130098264678924380e+00
2.973063063063063055e+03 1.130022760803440107e+00
2.976056056056056150e+03 1.129946057019843186e+00
2.979049049049049245e+03 1.129868155030257393e+00
2.982042042042042340e+03 1.129789056561396166e+00
2.985035035035034980e+03 1.129708763365292912e+00
2.988028028028028075e+03 1.129627277220024650e+00
2.991021021021021170e+03 1.129544599930427884e+00
2.994014014014013810e+03 1.129460733328807587e+00
2.997007007007006905e+03 1.129375679275640421e+00
3.000000000000000000e+03 1.129289439660267291e+00
